influenza_a, lcg64
1996
2001
2004
2014
2040
2058
2061
2069
2070
2099
2103
2108
2111
2113
2154
2162
2168
2218
2235
2241
influenza_a, yarn2
1949
1966
2004
2039
2040
2049
2064
2064
2068
2100
2113
2116
2140
2182
2210
2249
2250
2270
2310
2460
influenza_a, lcg64_shift
1918
1975
2033
2043
2056
2063
2079
2092
2126
2159
2167
2178
2187
2207
2239
2244
2264
2286
2333
2353
influenza_a, mrg3
1909
1920
1937
1975
1977
2037
2045
2050
2058
2061
2070
2080
2085
2126
2138
2144
2165
2166
2256
2366
influenza_a, yarn3
1864
1958
1962
1970
2033
2049
2057
2063
2068
2077
2082
2121
2122
2127
2129
2140
2167
2182
2203
2488
influenza_b, lcg64
0
0
0
0
0
0
0
0
0
0
0
0
0
0
0
0
0
0
0
0
influenza_b, yarn2
0
0
0
0
0
0
0
0
0
0
0
0
0
0
0
0
0
0
0
0
influenza_b, lcg64_shift
0
0
0
0
0
0
0
0
0
0
0
0
0
0
0
0
0
0
0
0
influenza_b, mrg3
0
0
0
0
0
0
0
0
0
0
0
0
0
0
0
0
0
0
0
0
influenza_b, yarn3
0
0
0
0
0
0
0
0
0
0
0
0
0
0
0
0
0
0
0
0
influenza_c, lcg64
5
5
5
5
5
5
5
5
5
5
5
5
5
5
5
5
5
5
5
5
influenza_c, yarn2
5
5
5
5
5
5
5
5
5
5
5
5
5
5
5
5
5
5
5
5
influenza_c, lcg64_shift
5
5
5
5
5
5
5
5
5
5
5
5
5
5
5
5
5
5
5
5
influenza_c, mrg3
5
5
5
5
5
5
5
5
5
5
5
5
5
5
5
5
5
5
5
5
influenza_c, yarn3
5
5
5
5
5
5
5
5
5
5
5
5
5
5
5
5
5
5
5
5
measles_16, lcg64
589045
589139
589272
589280
590165
590234
590237
590290
590302
590315
590328
590354
590368
590368
590416
590481
590505
590614
590670
591138
measles_16, yarn2
588688
589149
589464
589483
589577
589578
589605
589947
590076
590192
590210
590218
590371
590549
590586
590688
590797
590891
591162
591505
measles_16, lcg64_shift
589032
589126
589154
589533
589646
589759
589880
590078
590162
590183
590249
590312
590350
590544
590613
590672
590789
590859
590863
590928
measles_16, mrg3
589202
589301
589490
589637
589723
589927
589976
590121
590124
590247
590262
590263
590268
590477
590545
590850
591103
591133
591241
591371
measles_16, yarn3
588970
589151
589153
589176
589339
589569
589715
589870
589892
589918
590016
590041
590126
590216
590269
590441
590447
590543
590731
590786
measles_60, lcg64
600000
600000
600000
600000
600000
600000
600000
600000
600000
600000
600000
600000
600000
600000
600000
600000
600000
600000
600000
600000
measles_60, yarn2
600000
600000
600000
600000
600000
600000
600000
600000
600000
600000
600000
600000
600000
600000
600000
600000
600000
600000
600000
600000
measles_60, lcg64_shift
600000
600000
600000
600000
600000
600000
600000
600000
600000
600000
600000
600000
600000
600000
600000
600000
600000
600000
600000
600000
measles_60, mrg3
600000
600000
600000
600000
600000
600000
600000
600000
600000
600000
600000
600000
600000
600000
600000
600000
600000
600000
600000
600000
measles_60, yarn3
600000
600000
600000
600000
600000
600000
600000
600000
600000
600000
600000
600000
600000
600000
600000
600000
600000
600000
600000
600000
