##############
# THREADS: 1 #
##############

influenza_a: num_cases
2054
2054
2054
2054
2054
2054
2054
2054
2054
2054
influenza_b: num_cases
0
0
0
0
0
0
0
0
0
0
influenza_c: num_cases
5
5
5
5
5
5
5
5
5
5
influenza_a: run_time
2354
2430
2485
2458
2461
2455
2519
2482
2491
2449
influenza_a: total_time
10338
10704
10760
10889
10770
10888
10936
10960
10887
10925
influenza_b: run_time
2289
2321
2281
2455
2306
2349
2404
2556
2356
2300
influenza_b: total_time
10678
10736
10736
11192
11446
11334
11381
12044
11206
10937
influenza_c: run_time
799
831
807
921
804
770
771
784
775
809
influenza_c: total_time
5750
5145
5399
5302
5262
5150
5010
5296
5207
5323

influenza_a: num_cases
2054
2054
2054
2054
2054
2054
2054
2054
2054
2054
influenza_b: num_cases
0
0
0
0
0
0
0
0
0
0
influenza_c: num_cases
5
5
5
5
5
5
5
5
5
5
influenza_a: run_time
2383
2502
2491
2472
2483
2499
2468
2558
2493
2514
influenza_a: total_time
10728
10729
10800
10687
10697
10783
10728
10773
10869
10843
influenza_b: run_time
2262
2297
2277
2258
2271
2222
2569
2382
2427
2448
influenza_b: total_time
10686
10701
10575
10680
10701
10213
11215
11562
11285
11425
influenza_c: run_time
780
874
854
795
761
833
791
779
786
804
influenza_c: total_time
5186
5422
5099
5319
5359
5277
5489
4987
4922
5085

influenza_a: num_cases
2054
2054
2054
2054
2054
2054
2054
2054
2054
2054
influenza_b: num_cases
0
0
0
0
0
0
0
0
0
0
influenza_c: num_cases
5
5
5
5
5
5
5
5
5
5
influenza_a: run_time
2464
2572
2577
2459
2516
2517
2487
2485
2481
2453
influenza_a: total_time
10748
10855
10826
10858
10655
10794
10887
10857
10891
10758
influenza_b: run_time
2265
2269
2266
2254
2274
2250
2533
2455
2383
2372
influenza_b: total_time
10681
10725
10630
10536
10683
10508
11358
11560
11532
11963
influenza_c: run_time
916
847
904
824
775
895
785
849
810
794
influenza_c: total_time
5258
5277
5254
4986
5202
5272
4968
5161
5095
5018

influenza_a: num_cases
2054
2054
2054
2054
2054
2054
2054
2054
2054
2054
influenza_b: num_cases
0
0
0
0
0
0
0
0
0
0
influenza_c: num_cases
5
5
5
5
5
5
5
5
5
5
influenza_a: run_time
2483
2599
2445
2478
2557
2502
2502
2500
2501
2482
influenza_a: total_time
10837
10881
10674
10749
10837
10707
10756
10741
10850
10826
influenza_b: run_time
2270
2277
2299
2258
2274
2260
2421
2432
2580
2435
influenza_b: total_time
10611
10562
10594
10639
10628
10239
10550
11825
11649
11678
influenza_c: run_time
871
860
784
782
780
864
777
794
784
983
influenza_c: total_time
5632
5164
5267
5290
5299
5099
5263
5171
5197
5138

influenza_a: num_cases
2054
2054
2054
2054
2054
2054
2054
2054
2054
2054
influenza_b: num_cases
0
0
0
0
0
0
0
0
0
0
influenza_c: num_cases
5
5
5
5
5
5
5
5
5
5
influenza_a: run_time
2492
2468
2460
2552
2469
2486
2485
2465
2461
2570
influenza_a: total_time
11006
11022
11145
11063
11050
11062
11117
10970
10975
11096
influenza_b: run_time
2239
2243
2253
2269
2239
2248
2518
2490
2447
2544
influenza_b: total_time
10789
10818
10739
10831
10758
10782
11558
11814
11682
11891
influenza_c: run_time
903
874
1088
783
800
785
812
829
835
773
influenza_c: total_time
5622
5767
5592
5283
5365
5290
5524
5370
5495
5312
