num_cases, influenza_a, 1 threads
1850
1967
1972
1972
1990
2004
2017
2025
2029
2030
2031
2035
2036
2045
2046
2054
2077
2090
2102
2109
2110
2110
2112
2114
2118
2130
2136
2138
2151
2158
2162
2168
2181
2189
2196
2215
2222
2230
2233
2235
2237
2246
2268
2277
2299
2309
2327
2334
2390
2404
num_cases, influenza_a, 2 threads
1881
1930
1981
1993
2007
2019
2023
2025
2028
2040
2046
2048
2049
2078
2081
2095
2098
2100
2104
2105
2116
2117
2131
2143
2156
2167
2170
2173
2176
2179
2179
2182
2188
2192
2192
2194
2195
2197
2200
2203
2241
2242
2272
2277
2284
2303
2308
2325
2342
2436
num_cases, influenza_a, 3 threads
1805
1907
1910
1965
1970
1990
1995
2007
2008
2013
2015
2025
2042
2047
2049
2062
2063
2067
2068
2073
2080
2087
2094
2096
2101
2101
2104
2107
2110
2115
2122
2124
2128
2136
2159
2164
2167
2168
2175
2183
2191
2197
2201
2201
2222
2234
2255
2255
2301
2370
num_cases, influenza_a, 4 threads
1828
1924
1937
1940
1966
1967
1982
1995
2006
2011
2023
2027
2036
2042
2051
2055
2064
2064
2076
2079
2092
2094
2098
2102
2105
2110
2122
2150
2152
2156
2158
2165
2165
2168
2172
2180
2186
2186
2187
2208
2229
2231
2257
2258
2269
2286
2295
2323
2354
2434
num_cases, influenza_a, 5 threads
1844
1867
1898
1922
1946
1947
1985
1988
1995
1999
2004
2010
2017
2030
2034
2035
2041
2041
2044
2046
2053
2055
2066
2079
2084
2106
2122
2125
2132
2134
2141
2145
2146
2150
2167
2179
2182
2187
2187
2193
2210
2219
2222
2228
2230
2233
2279
2324
2333
2347
num_cases, influenza_a, 6 threads
1829
1902
1909
1951
1965
1970
1972
1981
1992
1998
2007
2011
2023
2037
2039
2061
2067
2070
2073
2074
2075
2078
2087
2087
2090
2091
2097
2110
2114
2117
2138
2151
2157
2176
2180
2186
2197
2200
2205
2207
2237
2250
2260
2261
2288
2291
2333
2346
2395
2405
num_cases, influenza_a, 7 threads
1927
1927
1939
1959
1965
2000
2021
2042
2054
2056
2058
2067
2070
2072
2076
2078
2081
2082
2087
2088
2089
2096
2096
2100
2102
2108
2120
2121
2122
2133
2138
2150
2150
2166
2185
2192
2194
2199
2200
2200
2202
2202
2228
2253
2270
2281
2283
2342
2344
2432
num_cases, influenza_a, 8 threads
1869
1894
1964
1967
1976
1983
1991
2008
2012
2015
2015
2035
2045
2048
2050
2050
2055
2058
2064
2067
2071
2074
2079
2086
2091
2098
2099
2104
2113
2124
2130
2132
2136
2154
2158
2160
2162
2165
2173
2179
2194
2202
2207
2221
2222
2226
2229
2239
2244
2276
num_cases, influenza_b, 1 threads
0
0
0
0
0
0
0
0
0
0
0
0
0
0
0
0
0
0
0
0
0
0
0
0
0
0
0
0
0
0
0
0
0
0
0
0
0
0
0
0
0
0
0
0
0
0
0
0
0
0
num_cases, influenza_b, 2 threads
0
0
0
0
0
0
0
0
0
0
0
0
0
0
0
0
0
0
0
0
0
0
0
0
0
0
0
0
0
0
0
0
0
0
0
0
0
0
0
0
0
0
0
0
0
0
0
0
0
0
num_cases, influenza_b, 3 threads
0
0
0
0
0
0
0
0
0
0
0
0
0
0
0
0
0
0
0
0
0
0
0
0
0
0
0
0
0
0
0
0
0
0
0
0
0
0
0
0
0
0
0
0
0
0
0
0
0
0
num_cases, influenza_b, 4 threads
0
0
0
0
0
0
0
0
0
0
0
0
0
0
0
0
0
0
0
0
0
0
0
0
0
0
0
0
0
0
0
0
0
0
0
0
0
0
0
0
0
0
0
0
0
0
0
0
0
0
num_cases, influenza_b, 5 threads
0
0
0
0
0
0
0
0
0
0
0
0
0
0
0
0
0
0
0
0
0
0
0
0
0
0
0
0
0
0
0
0
0
0
0
0
0
0
0
0
0
0
0
0
0
0
0
0
0
0
num_cases, influenza_b, 6 threads
0
0
0
0
0
0
0
0
0
0
0
0
0
0
0
0
0
0
0
0
0
0
0
0
0
0
0
0
0
0
0
0
0
0
0
0
0
0
0
0
0
0
0
0
0
0
0
0
0
0
num_cases, influenza_b, 7 threads
0
0
0
0
0
0
0
0
0
0
0
0
0
0
0
0
0
0
0
0
0
0
0
0
0
0
0
0
0
0
0
0
0
0
0
0
0
0
0
0
0
0
0
0
0
0
0
0
0
0
num_cases, influenza_b, 8 threads
0
0
0
0
0
0
0
0
0
0
0
0
0
0
0
0
0
0
0
0
0
0
0
0
0
0
0
0
0
0
0
0
0
0
0
0
0
0
0
0
0
0
0
0
0
0
0
0
0
0
num_cases, influenza_c, 1 threads
5
5
5
5
5
5
5
5
5
5
5
5
5
5
5
5
5
5
5
5
5
5
5
5
5
5
5
5
5
5
5
5
5
5
5
5
5
5
5
5
5
5
5
5
5
5
5
5
5
5
num_cases, influenza_c, 2 threads
5
5
5
5
5
5
5
5
5
5
5
5
5
5
5
5
5
5
5
5
5
5
5
5
5
5
5
5
5
5
5
5
5
5
5
5
5
5
5
5
5
5
5
5
5
5
5
5
5
5
num_cases, influenza_c, 3 threads
5
5
5
5
5
5
5
5
5
5
5
5
5
5
5
5
5
5
5
5
5
5
5
5
5
5
5
5
5
5
5
5
5
5
5
5
5
5
5
5
5
5
5
5
5
5
5
5
5
5
num_cases, influenza_c, 4 threads
5
5
5
5
5
5
5
5
5
5
5
5
5
5
5
5
5
5
5
5
5
5
5
5
5
5
5
5
5
5
5
5
5
5
5
5
5
5
5
5
5
5
5
5
5
5
5
5
5
5
num_cases, influenza_c, 5 threads
5
5
5
5
5
5
5
5
5
5
5
5
5
5
5
5
5
5
5
5
5
5
5
5
5
5
5
5
5
5
5
5
5
5
5
5
5
5
5
5
5
5
5
5
5
5
5
5
5
6
num_cases, influenza_c, 6 threads
5
5
5
5
5
5
5
5
5
5
5
5
5
5
5
5
5
5
5
5
5
5
5
5
5
5
5
5
5
5
5
5
5
5
5
5
5
5
5
5
5
5
5
5
5
5
5
5
5
5
num_cases, influenza_c, 7 threads
5
5
5
5
5
5
5
5
5
5
5
5
5
5
5
5
5
5
5
5
5
5
5
5
5
5
5
5
5
5
5
5
5
5
5
5
5
5
5
5
5
5
5
5
5
5
5
5
5
5
num_cases, influenza_c, 8 threads
5
5
5
5
5
5
5
5
5
5
5
5
5
5
5
5
5
5
5
5
5
5
5
5
5
5
5
5
5
5
5
5
5
5
5
5
5
5
5
5
5
5
5
5
5
5
5
5
5
5
num_cases, measles_16, 1 threads
589194
589300
589428
589451
589553
589615
589659
589747
589766
589792
589821
589847
589889
589908
589922
589954
589972
590007
590025
590039
590067
590092
590104
590126
590183
590191
590273
590329
590346
590385
590453
590463
590495
590526
590547
590567
590583
590589
590667
590670
590673
590687
590849
590874
591008
591074
591237
591349
591385
591438
num_cases, measles_16, 2 threads
588361
588456
589129
589200
589208
589241
589310
589434
589440
589621
589630
589664
589669
589828
589828
589835
589883
589937
589947
589952
589980
590135
590151
590174
590200
590440
590451
590457
590458
590481
590486
590494
590539
590564
590578
590613
590645
590646
590715
590719
590742
590760
590803
590840
590851
590913
590960
590996
591025
591060
num_cases, measles_16, 3 threads
588644
589030
589120
589136
589142
589230
589389
589476
589496
589498
589539
589643
589659
589868
589884
589896
589912
589953
589985
589995
589996
590016
590056
590059
590089
590103
590162
590162
590167
590220
590227
590237
590282
590415
590416
590475
590483
590518
590565
590566
590625
590711
590771
590779
590779
590971
590984
591017
591112
591116
num_cases, measles_16, 4 threads
588681
588846
589146
589233
589431
589542
589690
589691
589738
589753
589769
589772
589815
589921
589932
589943
589962
589979
589999
590012
590021
590046
590053
590080
590101
590130
590138
590152
590155
590203
590249
590288
590288
590293
590364
590530
590543
590554
590555
590558
590668
590765
590818
590823
590845
590850
590970
591056
591183
591364
num_cases, measles_16, 5 threads
586979
588765
589013
589230
589239
589371
589390
589398
589441
589467
589536
589605
589621
589638
589662
589723
589809
589894
589905
589918
589928
590139
590154
590156
590163
590245
590252
590256
590256
590272
590283
590295
590340
590396
590398
590445
590454
590466
590472
590488
590503
590550
590558
590565
590764
590796
590930
590977
590988
591134
num_cases, measles_16, 6 threads
588270
588787
588950
588990
588995
589143
589174
589244
589450
589493
589509
589573
589582
589595
589662
589749
589785
589942
589964
589975
590024
590029
590098
590163
590235
590237
590248
590294
590296
590299
590303
590387
590406
590435
590468
590473
590476
590478
590537
590546
590568
590568
590608
590665
590700
590796
590951
590967
591181
591664
num_cases, measles_16, 7 threads
589033
589161
589211
589253
589396
589491
589554
589574
589623
589704
589707
589750
589765
589768
589801
589860
589908
589914
589946
589947
589977
589983
590056
590084
590106
590144
590205
590225
590241
590259
590262
590371
590372
590394
590426
590464
590619
590622
590745
590750
590759
590763
590796
590905
590979
591033
591034
591035
591189
591575
num_cases, measles_16, 8 threads
588696
588733
589041
589094
589472
589499
589550
589590
589677
589746
589836
589892
589896
589899
589910
589912
589938
589949
589960
589968
590002
590020
590056
590148
590163
590220
590282
590295
590301
590324
590347
590349
590386
590417
590418
590522
590571
590620
590630
590638
590685
590708
590725
590757
590962
590979
591020
591197
591299
591375
num_cases, measles_60, 1 threads
600000
600000
600000
600000
600000
600000
600000
600000
600000
600000
600000
600000
600000
600000
600000
600000
600000
600000
600000
600000
600000
600000
600000
600000
600000
600000
600000
600000
600000
600000
600000
600000
600000
600000
600000
600000
600000
600000
600000
600000
600000
600000
600000
600000
600000
600000
600000
600000
600000
600000
num_cases, measles_60, 2 threads
600000
600000
600000
600000
600000
600000
600000
600000
600000
600000
600000
600000
600000
600000
600000
600000
600000
600000
600000
600000
600000
600000
600000
600000
600000
600000
600000
600000
600000
600000
600000
600000
600000
600000
600000
600000
600000
600000
600000
600000
600000
600000
600000
600000
600000
600000
600000
600000
600000
600000
num_cases, measles_60, 3 threads
600000
600000
600000
600000
600000
600000
600000
600000
600000
600000
600000
600000
600000
600000
600000
600000
600000
600000
600000
600000
600000
600000
600000
600000
600000
600000
600000
600000
600000
600000
600000
600000
600000
600000
600000
600000
600000
600000
600000
600000
600000
600000
600000
600000
600000
600000
600000
600000
600000
600000
num_cases, measles_60, 4 threads
600000
600000
600000
600000
600000
600000
600000
600000
600000
600000
600000
600000
600000
600000
600000
600000
600000
600000
600000
600000
600000
600000
600000
600000
600000
600000
600000
600000
600000
600000
600000
600000
600000
600000
600000
600000
600000
600000
600000
600000
600000
600000
600000
600000
600000
600000
600000
600000
600000
600000
num_cases, measles_60, 5 threads
600000
600000
600000
600000
600000
600000
600000
600000
600000
600000
600000
600000
600000
600000
600000
600000
600000
600000
600000
600000
600000
600000
600000
600000
600000
600000
600000
600000
600000
600000
600000
600000
600000
600000
600000
600000
600000
600000
600000
600000
600000
600000
600000
600000
600000
600000
600000
600000
600000
600000
num_cases, measles_60, 6 threads
600000
600000
600000
600000
600000
600000
600000
600000
600000
600000
600000
600000
600000
600000
600000
600000
600000
600000
600000
600000
600000
600000
600000
600000
600000
600000
600000
600000
600000
600000
600000
600000
600000
600000
600000
600000
600000
600000
600000
600000
600000
600000
600000
600000
600000
600000
600000
600000
600000
600000
num_cases, measles_60, 7 threads
600000
600000
600000
600000
600000
600000
600000
600000
600000
600000
600000
600000
600000
600000
600000
600000
600000
600000
600000
600000
600000
600000
600000
600000
600000
600000
600000
600000
600000
600000
600000
600000
600000
600000
600000
600000
600000
600000
600000
600000
600000
600000
600000
600000
600000
600000
600000
600000
600000
600000
num_cases, measles_60, 8 threads
600000
600000
600000
600000
600000
600000
600000
600000
600000
600000
600000
600000
600000
600000
600000
600000
600000
600000
600000
600000
600000
600000
600000
600000
600000
600000
600000
600000
600000
600000
600000
600000
600000
600000
600000
600000
600000
600000
600000
600000
600000
600000
600000
600000
600000
600000
600000
600000
600000
600000
run_time, influenza_a, 1 threads
2196
2197
2199
2214
2216
2219
2219
2221
2227
2227
2240
2242
2279
2394
2400
2410
2415
2418
2418
2427
2427
2428
2430
2431
2435
2437
2437
2441
2443
2446
2447
2447
2449
2451
2455
2464
2475
2476
2476
2476
2491
2499
2513
2555
2597
2697
2709
3114
3139
3267
run_time, influenza_a, 2 threads
1679
1700
1702
1708
1709
1710
1715
1716
1719
1720
1720
1728
1731
1734
1735
1736
1745
1745
1748
1751
1755
1756
1756
1759
1760
1764
1766
1768
1775
1784
1829
1837
1839
1854
1857
1885
1894
1894
1899
1915
1931
1937
1950
1951
1957
1983
1985
1990
2014
2209
run_time, influenza_a, 3 threads
1349
1360
1384
1400
1406
1414
1420
1427
1427
1432
1434
1438
1438
1443
1447
1458
1466
1468
1492
1519
1521
1522
1523
1523
1523
1527
1529
1538
1542
1542
1543
1544
1547
1547
1547
1552
1555
1557
1560
1561
1562
1563
1564
1572
1577
1585
1592
1596
1596
1761
run_time, influenza_a, 4 threads
1165
1184
1192
1194
1195
1195
1197
1199
1202
1202
1205
1205
1209
1211
1213
1213
1215
1216
1219
1222
1224
1224
1229
1229
1231
1235
1236
1238
1240
1243
1247
1252
1252
1258
1259
1264
1292
1332
1351
1351
1361
1367
1370
1374
1376
1381
1382
1384
1389
1478
run_time, influenza_a, 5 threads
1072
1075
1080
1084
1093
1093
1095
1098
1100
1103
1109
1110
1111
1111
1112
1113
1113
1114
1116
1120
1120
1121
1124
1125
1125
1125
1126
1135
1135
1136
1139
1140
1144
1149
1153
1154
1157
1265
1269
1269
1273
1279
1280
1284
1290
1293
1294
1303
1313
1339
run_time, influenza_a, 6 threads
1007
1015
1017
1022
1027
1028
1036
1043
1044
1046
1049
1056
1057
1057
1060
1062
1062
1068
1070
1070
1070
1073
1075
1078
1079
1080
1084
1084
1087
1088
1095
1095
1095
1106
1111
1118
1226
1235
1237
1238
1240
1249
1250
1252
1254
1260
1264
1276
1296
1371
run_time, influenza_a, 7 threads
1009
1012
1014
1014
1016
1018
1020
1021
1022
1023
1024
1031
1032
1033
1039
1039
1039
1041
1041
1041
1043
1043
1045
1049
1058
1058
1059
1064
1066
1068
1069
1069
1072
1078
1086
1114
1202
1248
1259
1269
1270
1273
1274
1277
1280
1281
1291
1300
1329
1340
run_time, influenza_a, 8 threads
1068
1069
1096
1096
1100
1100
1103
1104
1106
1106
1110
1112
1115
1123
1143
1180
1360
1364
1366
1372
1373
1373
1375
1376
1386
1387
1390
1390
1394
1394
1394
1396
1396
1397
1398
1402
1406
1408
1409
1410
1414
1415
1418
1418
1420
1422
1422
1429
1442
1450
run_time, influenza_b, 1 threads
2001
2006
2010
2013
2020
2021
2021
2023
2024
2027
2031
2031
2036
2045
2053
2077
2100
2107
2126
2182
2197
2201
2206
2209
2215
2223
2224
2227
2227
2228
2228
2228
2233
2237
2239
2247
2247
2248
2264
2297
2326
2328
2331
2336
2339
2369
2374
2388
2390
2422
run_time, influenza_b, 2 threads
1467
1486
1488
1490
1490
1502
1505
1506
1507
1509
1512
1519
1519
1520
1534
1548
1548
1575
1576
1578
1581
1582
1585
1594
1595
1596
1597
1606
1611
1616
1617
1617
1618
1623
1626
1628
1663
1669
1675
1680
1683
1688
1709
1716
1718
1735
1748
1758
1784
1785
run_time, influenza_b, 3 threads
1163
1194
1202
1204
1211
1213
1226
1234
1234
1236
1236
1236
1238
1240
1241
1254
1259
1272
1276
1279
1297
1298
1302
1304
1305
1308
1308
1309
1311
1311
1315
1322
1324
1338
1339
1340
1342
1343
1344
1347
1348
1348
1348
1348
1350
1350
1363
1383
1388
1393
run_time, influenza_b, 4 threads
1042
1043
1046
1051
1053
1055
1056
1056
1057
1057
1061
1061
1061
1062
1063
1064
1067
1068
1069
1070
1070
1071
1073
1073
1075
1077
1084
1086
1089
1090
1092
1101
1105
1112
1118
1132
1138
1142
1146
1160
1195
1195
1205
1214
1221
1232
1234
1264
1269
1413
run_time, influenza_b, 5 threads
1000
1000
1000
1002
1006
1010
1016
1018
1018
1018
1022
1025
1027
1027
1036
1039
1071
1128
1132
1139
1140
1147
1148
1154
1158
1162
1167
940
955
956
962
962
963
963
968
969
970
971
973
976
977
979
986
987
990
991
992
997
999
999
run_time, influenza_b, 6 threads
1007
1010
1012
1021
1044
1076
1101
1110
1116
1123
1127
1132
1133
1178
1186
889
918
920
924
927
927
932
934
936
937
939
945
949
954
956
956
956
956
957
958
959
959
959
961
963
965
970
971
971
974
979
981
993
994
995
run_time, influenza_b, 7 threads
1015
1018
1058
1134
1136
1149
1154
1160
1167
1169
1171
1188
1205
1229
898
911
916
920
925
929
929
934
938
940
942
943
945
946
946
947
948
948
948
951
953
954
954
955
955
955
957
957
965
968
968
969
977
979
987
990
run_time, influenza_b, 8 threads
1010
1015
1021
1027
1030
1045
1049
1055
1055
1064
1137
1256
1276
1282
1283
1285
1285
1286
1286
1286
1287
1298
1300
1300
1302
1305
1306
1309
1310
1311
1313
1314
1316
1321
1322
1323
1323
1323
1324
1326
1335
1342
1350
1352
1357
1375
1376
1453
993
995
run_time, influenza_c, 1 threads
711
712
713
713
714
714
714
717
718
722
722
722
723
724
732
739
740
742
761
762
762
764
767
768
769
769
770
772
772
773
774
775
776
776
777
779
782
785
786
791
796
799
825
847
856
859
867
870
877
887
run_time, influenza_c, 2 threads
1013
1071
1112
737
748
756
771
771
771
772
774
775
778
780
781
782
782
782
782
783
785
789
789
792
793
801
802
805
805
805
805
807
808
811
819
823
831
832
834
853
855
857
862
862
867
867
883
901
933
976
run_time, influenza_c, 3 threads
663
684
686
695
697
705
709
718
725
726
728
728
731
735
735
737
738
743
747
749
755
756
757
759
760
761
761
763
764
764
765
765
766
767
767
769
772
774
776
779
782
788
792
796
797
798
804
804
806
812
run_time, influenza_c, 4 threads
625
645
645
663
664
665
665
673
675
675
676
676
677
682
686
687
689
692
692
694
698
699
701
702
702
710
711
719
727
730
736
739
741
741
742
743
743
744
746
751
753
754
761
763
766
797
801
863
885
910
run_time, influenza_c, 5 threads
620
625
627
631
631
645
645
647
647
652
654
659
664
668
671
671
674
679
683
685
685
689
692
693
693
695
701
702
704
706
707
710
713
713
713
716
719
721
732
749
751
762
765
774
774
776
783
786
789
793
run_time, influenza_c, 6 threads
631
640
644
646
653
654
656
657
659
660
660
662
663
668
669
670
670
671
673
677
679
680
683
684
684
684
687
687
690
690
692
693
694
701
706
715
730
734
758
774
781
783
786
788
790
791
798
812
837
853
run_time, influenza_c, 7 threads
646
646
652
653
662
662
665
666
670
671
675
675
677
678
679
682
684
685
686
686
688
689
693
694
695
695
696
696
698
699
700
700
701
704
708
717
723
738
745
800
805
808
817
822
823
824
831
870
873
930
run_time, influenza_c, 8 threads
1006
1008
1115
758
763
782
783
786
796
796
802
821
843
899
903
930
933
935
939
940
941
946
949
950
953
955
956
956
956
957
960
964
964
965
965
967
969
973
974
976
977
977
977
978
980
985
988
988
990
991
run_time, measles_16, 1 threads
8159
8161
8163
8180
8196
8212
8228
8229
8230
8235
8237
8241
8246
8254
8259
8263
8267
8272
8286
8298
8304
8309
8310
8315
8317
8337
8354
8356
8358
8377
8383
8389
8393
8407
8413
8437
8438
8443
8445
8449
8457
8464
8471
8484
8549
8596
8608
8646
8697
8991
run_time, measles_16, 2 threads
14138
14291
14366
14385
14396
14419
14424
14450
14478
14493
14511
14682
14879
14893
15002
15008
15012
15022
15065
15099
15100
15102
15105
15123
15159
15181
15193
15198
15201
15208
15212
15227
15231
15240
15263
15271
15275
15289
15314
15319
15330
15336
15339
15347
15347
15352
15554
15797
17286
17401
run_time, measles_16, 3 threads
11009
11120
11129
11246
11288
11290
11297
11368
11466
12446
12475
12517
12545
12567
12572
12578
12599
12621
12666
12669
12680
12682
12684
12685
12687
12689
12691
12729
12739
12742
12744
12747
12755
12764
12805
12819
12823
12825
12892
12908
12969
12970
12971
12989
13008
13070
13175
13196
13234
13361
run_time, measles_16, 4 threads
10036
10036
10111
10114
10126
10137
10147
10257
8687
8745
8782
8803
8844
8846
8854
8966
8982
9015
9032
9048
9050
9054
9113
9231
9233
9261
9315
9364
9449
9451
9479
9490
9500
9533
9542
9575
9623
9625
9641
9646
9666
9667
9695
9715
9813
9815
9877
9939
9942
9984
run_time, measles_16, 5 threads
8009
8029
8075
8076
8077
8112
8141
8173
8273
8281
8296
8297
8311
8318
8325
8332
8332
8361
8363
8367
8369
8403
8406
8426
8440
8440
8497
8501
8505
8578
8634
8659
8682
8707
8708
8710
8720
8722
8735
8745
8790
8818
8820
8850
8930
8977
8999
9091
9118
9233
run_time, measles_16, 6 threads
7270
7286
7297
7369
7376
7422
7427
7430
7434
7451
7476
7479
7495
7514
7527
7541
7547
7547
7550
7571
7586
7604
7618
7619
7656
7683
7687
7697
7724
7745
7745
7754
7759
7771
7777
7869
7908
7913
7922
7940
7942
7959
7976
7986
8002
8016
8023
8068
8147
8236
run_time, measles_16, 7 threads
6307
6374
6389
6539
6546
6548
6572
6573
6632
6646
6712
6725
6728
6730
6731
6767
6811
6833
6850
6861
6893
6900
6904
6920
6923
6942
6956
6959
6978
6991
7016
7060
7065
7076
7088
7093
7115
7131
7177
7186
7209
7215
7281
7290
7305
7308
7342
7369
7387
8287
run_time, measles_16, 8 threads
5778
5824
5864
5875
5897
5904
5924
5929
5930
5966
5985
5996
6011
6046
6064
6075
6091
6096
6107
6114
6114
6117
6130
6136
6137
6159
6180
6181
6186
6190
6216
6242
6263
6264
6321
6326
6351
6364
6366
6376
6388
6402
6439
6447
6472
6484
6491
6524
6528
6672
run_time, measles_60, 1 threads
3957
3961
3964
3969
3970
3977
3979
3980
3980
3986
3987
3991
3991
3992
3999
4001
4004
4007
4010
4011
4011
4012
4015
4021
4023
4027
4039
4053
4069
4071
4084
4088
4111
4215
4254
4264
4266
4279
4298
4672
7245
8286
8315
8361
8362
8378
8384
8430
8447
8627
run_time, measles_60, 2 threads
4618
4738
4805
4808
4839
4840
4856
4859
4863
4866
4889
4890
4893
4896
4897
4897
4904
4932
4933
4934
4956
4957
4959
4964
4973
4973
4997
5017
5017
5025
5029
5031
5032
5035
5046
5046
5049
5050
5059
5065
5071
5073
5075
5099
5099
5100
5110
5119
5169
5193
run_time, measles_60, 3 threads
3660
3723
3731
3732
3744
3747
3770
3774
3797
3801
3809
3814
3816
3822
3902
3902
3905
3906
3906
3922
3938
3975
4020
4035
4035
4064
4070
4106
4121
4130
4144
4150
4154
4160
4166
4168
4174
4174
4181
4209
4209
4217
4225
4237
4257
4258
4259
4274
4290
5008
run_time, measles_60, 4 threads
3060
3079
3083
3103
3118
3176
3186
3212
3216
3218
3220
3252
3261
3280
3282
3288
3289
3309
3312
3318
3324
3324
3326
3334
3336
3345
3356
3357
3367
3369
3382
3385
3396
3398
3407
3410
3412
3420
3427
3436
3437
3443
3446
3459
3474
3477
3478
3479
3565
4188
run_time, measles_60, 5 threads
2817
2839
2937
2949
2952
2954
2959
2980
2984
2990
2991
2993
2998
3009
3022
3038
3055
3057
3058
3060
3060
3070
3074
3076
3077
3082
3083
3084
3085
3087
3091
3094
3104
3107
3122
3128
3132
3135
3138
3143
3148
3151
3164
3164
3174
3201
3258
3296
3352
3627
run_time, measles_60, 6 threads
2672
2722
2755
2755
2759
2782
2785
2797
2814
2818
2834
2853
2853
2857
2883
2902
2908
2924
2930
2937
2939
2946
2954
2957
2959
2961
2964
2977
2980
2986
2992
2992
3002
3011
3013
3021
3025
3060
3066
3076
3088
3090
3094
3095
3107
3107
3127
3141
3385
3446
run_time, measles_60, 7 threads
2532
2543
2551
2552
2556
2563
2565
2571
2574
2581
2584
2587
2611
2615
2615
2628
2633
2634
2637
2652
2677
2679
2686
2690
2691
2697
2701
2704
2753
2760
2788
2792
2796
2809
2822
2826
2831
2835
2851
2853
2860
2880
2892
2905
2915
2917
2923
2943
2964
3005
run_time, measles_60, 8 threads
2396
2399
2402
2407
2409
2417
2422
2422
2423
2430
2431
2436
2437
2440
2452
2455
2460
2460
2471
2477
2482
2483
2493
2493
2494
2507
2544
2574
2608
2627
2667
2676
2685
2699
2701
2722
2727
2729
2734
2738
2739
2748
2770
2785
2792
2801
2807
2819
2822
2837
total_time, influenza_a, 1 threads
10277
10433
10517
10557
10635
10683
10719
10760
10813
10821
10825
10957
10987
10995
11007
11013
11035
11127
11147
11162
11166
11304
11372
11403
11445
11482
11516
11526
11587
11610
11642
11763
11764
11883
11922
11926
11933
12120
12157
12185
12434
12464
12504
12685
12795
12820
12840
13042
13427
13535
total_time, influenza_a, 2 threads
10137
10186
10187
10229
10277
10347
10392
10401
10410
10476
10534
10537
10567
10595
10610
10636
10647
10668
10773
10804
10866
10896
10915
10931
10942
10956
11014
11023
11075
11077
11182
11261
11286
11331
11336
11370
11468
11483
11501
11598
11732
11905
12232
12244
12360
12416
12498
12666
12872
9515
total_time, influenza_a, 3 threads
10048
10066
10086
10096
10125
10131
10133
10216
10259
10278
10302
10359
10361
10490
10539
10591
10609
10612
10661
10710
10748
10762
10840
10922
10953
11025
11032
11036
11087
11099
11165
11247
11277
11311
11321
11484
11648
12071
12219
12289
12342
12901
13530
15838
9452
9604
9856
9911
9935
9962
total_time, influenza_a, 4 threads
10058
10066
10076
10145
10165
10198
10239
10244
10247
10297
10304
10313
10413
10517
10543
10546
10642
10651
10666
10901
11068
11255
11414
11739
12028
12182
12271
13353
9334
9387
9424
9438
9537
9586
9617
9623
9625
9714
9767
9782
9791
9814
9819
9889
9910
9916
9920
9936
9950
9977
total_time, influenza_a, 5 threads
10090
10123
10128
10166
10202
10233
10250
10353
10359
10381
10469
10515
10541
10563
10704
11000
11146
11315
11343
11385
11471
11472
11588
11744
12598
12611
9061
9186
9188
9278
9305
9316
9466
9480
9545
9568
9570
9632
9650
9671
9688
9734
9833
9855
9875
9902
9904
9938
9949
9951
total_time, influenza_a, 6 threads
10007
10018
10031
10034
10054
10060
10220
10372
10422
10438
10454
10601
10681
10743
11154
11169
11351
11587
11605
11733
11862
13401
9008
9064
9112
9239
9389
9411
9442
9456
9469
9479
9479
9486
9486
9508
9572
9612
9630
9694
9709
9717
9738
9756
9764
9847
9865
9901
9932
9990
total_time, influenza_a, 7 threads
10040
10049
10054
10073
10075
10127
10143
10170
10188
10246
10252
10286
10443
10454
10558
10611
10681
10706
10713
10839
10901
10934
10986
11011
11035
11296
11328
11555
11641
11656
11690
12333
13098
9287
9329
9351
9353
9411
9699
9741
9751
9792
9800
9866
9869
9890
9898
9944
9982
9984
total_time, influenza_a, 8 threads
10024
10058
10068
10166
10196
10204
10229
10241
10254
10288
10291
10303
10308
10361
10383
10432
10505
10525
10553
10562
10629
10663
10720
10721
10827
11044
11142
11210
11251
11340
11343
11363
11414
11460
11691
11765
12069
12330
13628
9093
9248
9395
9525
9718
9743
9785
9843
9852
9889
9963
total_time, influenza_b, 1 threads
10069
10096
10293
10411
10464
10523
10622
10664
10673
10766
10774
10845
10888
10896
10943
10945
10994
11024
11043
11080
11100
11238
11265
11291
11295
11372
11450
11502
11526
11544
11584
11587
11668
11691
11757
11834
11854
11894
11919
12000
12020
12048
12206
12318
12370
12459
12525
12559
12571
12610
total_time, influenza_b, 2 threads
10058
10084
10123
10201
10206
10208
10393
10414
10424
10441
10530
10542
10571
10600
10659
10675
10694
10695
10717
10749
10877
11021
11036
11037
11089
11096
11148
11152
11200
11247
11251
11447
11492
11585
11668
11696
11778
11824
11906
11986
12031
12077
12139
12307
12546
9709
9729
9848
9861
9987
total_time, influenza_b, 3 threads
10025
10063
10079
10113
10142
10163
10189
10267
10269
10287
10491
10493
10506
10563
10617
10622
10645
10669
10836
10848
10854
10885
10906
10918
10991
11017
11176
11177
11183
11275
11390
11429
11456
11477
11707
11853
12006
12428
12651
12669
14445
9396
9689
9763
9784
9851
9897
9945
9963
9969
total_time, influenza_b, 4 threads
10037
10054
10059
10068
10210
10253
10343
10364
10455
10482
10490
10494
10561
10573
10708
10709
10729
10738
10747
10791
10836
10840
10908
10922
10926
11048
11134
11239
11269
11343
11498
11561
11798
11910
11989
12264
13356
9376
9450
9545
9575
9586
9678
9704
9778
9813
9848
9880
9931
9950
total_time, influenza_b, 5 threads
10163
10205
10212
10249
10323
10325
10326
10335
10379
10429
10437
10486
10499
10515
10533
10534
10538
10576
10580
10585
10727
10838
11003
11103
11358
11560
11832
11917
9272
9325
9383
9392
9425
9476
9525
9542
9554
9641
9650
9753
9783
9807
9870
9891
9892
9902
9946
9957
9961
9980
total_time, influenza_b, 6 threads
10010
10052
10109
10127
10142
10166
10229
10397
10445
10515
10541
10553
10563
10566
10805
10814
10874
10912
11075
11145
11179
11239
11268
11360
8990
9163
9190
9205
9273
9361
9426
9428
9445
9540
9579
9589
9608
9643
9730
9785
9796
9818
9857
9924
9951
9964
9969
9972
9981
9987
total_time, influenza_b, 7 threads
10070
10110
10152
10164
10194
10210
10213
10217
10282
10334
10334
10353
10358
10385
10402
10422
10470
10506
10540
10636
10655
10720
10728
10755
10855
10918
10944
11182
11257
11406
11468
11685
12123
9180
9382
9397
9500
9529
9543
9648
9661
9704
9834
9852
9901
9910
9947
9958
9963
9977
total_time, influenza_b, 8 threads
10041
10083
10137
10152
10168
10170
10192
10301
10307
10331
10360
10389
10431
10455
10611
10632
10665
10692
10708
10729
10799
10807
11024
11046
11052
11136
11167
11203
11339
11740
11762
11916
11923
11966
12282
12464
12482
12571
12813
13626
13962
9384
9527
9737
9790
9857
9887
9940
9972
9993
total_time, influenza_c, 1 threads
4956
4971
4973
4990
4991
5000
5000
5008
5013
5028
5062
5078
5079
5085
5098
5120
5125
5128
5130
5150
5151
5156
5176
5199
5219
5272
5273
5279
5282
5288
5326
5328
5332
5376
5389
5405
5418
5420
5431
5431
5459
5485
5499
5505
5548
5559
5594
5603
5648
5691
total_time, influenza_c, 2 threads
4868
4902
4917
4935
4970
4972
4990
4998
5010
5031
5059
5069
5089
5101
5164
5168
5183
5193
5218
5230
5242
5253
5254
5256
5277
5285
5287
5314
5317
5339
5341
5352
5358
5369
5407
5422
5451
5505
5515
5528
5531
5554
5560
5561
5576
5610
5752
5796
5796
5800
total_time, influenza_c, 3 threads
4895
4920
4932
4992
5007
5021
5038
5046
5077
5102
5108
5112
5122
5125
5127
5170
5205
5208
5226
5239
5248
5254
5263
5267
5268
5272
5277
5281
5283
5288
5301
5316
5346
5361
5369
5372
5373
5379
5413
5430
5434
5441
5454
5480
5495
5556
5613
5653
5717
5734
total_time, influenza_c, 4 threads
4826
4861
4861
4891
4905
4919
4958
4984
5029
5041
5054
5090
5098
5101
5109
5119
5126
5141
5144
5167
5171
5178
5180
5183
5213
5223
5241
5242
5288
5302
5310
5331
5349
5398
5401
5403
5419
5449
5452
5457
5497
5526
5528
5537
5591
5635
5681
5695
5702
5711
total_time, influenza_c, 5 threads
4903
4913
4946
4952
4970
4998
5008
5021
5026
5035
5060
5070
5075
5078
5095
5096
5101
5102
5103
5112
5124
5126
5133
5135
5150
5151
5156
5167
5181
5188
5191
5193
5205
5218
5233
5255
5257
5261
5264
5282
5303
5321
5330
5350
5361
5373
5380
5457
5548
5731
total_time, influenza_c, 6 threads
4709
4760
4764
4770
4776
4788
4808
4830
4833
4836
4869
4876
4879
4884
4884
4891
4896
4902
4918
4983
5002
5021
5056
5064
5104
5135
5144
5147
5167
5174
5182
5187
5188
5195
5197
5198
5256
5281
5306
5307
5364
5372
5429
5429
5466
5472
5482
5498
5523
5821
total_time, influenza_c, 7 threads
4916
4923
4957
4971
4972
4986
5009
5030
5030
5055
5060
5066
5067
5069
5082
5086
5100
5102
5118
5139
5162
5163
5173
5174
5187
5210
5212
5213
5221
5232
5248
5260
5273
5287
5322
5336
5339
5379
5382
5427
5437
5446
5450
5458
5487
5557
5579
5699
5752
6144
total_time, influenza_c, 8 threads
5052
5081
5082
5143
5153
5163
5208
5210
5213
5232
5250
5257
5277
5297
5313
5317
5318
5321
5344
5358
5359
5360
5365
5376
5383
5383
5391
5397
5402
5423
5430
5449
5456
5461
5466
5475
5512
5515
5519
5583
5587
5637
5655
5691
5731
5745
5842
5980
5994
6026
total_time, measles_16, 1 threads
15877
16348
16643
16780
16793
16888
16911
16966
16968
17069
17097
17098
17103
17111
17128
17132
17147
17159
17182
17280
17291
17330
17337
17351
17435
17438
17450
17463
17514
17573
17581
17585
17632
17639
17660
17697
17762
17791
17827
17964
17965
18070
18122
18260
18342
18427
18495
18615
18694
18718
total_time, measles_16, 2 threads
22711
22758
22928
22935
22951
23239
23260
23388
23435
23536
23546
23584
23640
23684
23719
23721
23799
23835
23836
23842
23881
23928
23961
23990
24039
24051
24263
24314
24360
24479
24562
24566
24605
24641
24649
24659
24683
24708
24709
24815
25087
25184
25267
25269
25326
25348
25364
25652
26181
27613
total_time, measles_16, 3 threads
19506
19691
19713
19824
19944
20074
20842
20943
20980
21006
21207
21245
21249
21346
21362
21475
21506
21520
21547
21555
21618
21637
21652
21670
21703
21725
21736
21738
21893
21902
21905
21930
21931
22033
22091
22115
22168
22325
22373
22489
22535
22546
22623
22642
23118
23178
23200
23457
23872
24004
total_time, measles_16, 4 threads
17352
17426
17472
17563
17610
17764
17857
17908
17998
18005
18027
18079
18116
18218
18222
18240
18261
18288
18328
18370
18388
18395
18403
18416
18437
18502
18531
18748
18778
18945
18972
19021
19035
19046
19047
19070
19156
19254
19317
19725
19796
19925
19953
19973
20078
20242
20394
22025
22065
22735
total_time, measles_16, 5 threads
16354
16411
16480
16646
16790
16835
16930
16990
17005
17022
17075
17106
17182
17187
17195
17272
17278
17338
17460
17501
17519
17538
17558
17566
17568
17601
17621
17656
17662
17674
17708
17769
17792
17851
17858
17909
17953
18050
18091
18100
18180
18298
18437
18537
18539
19018
19025
19118
19276
19328
total_time, measles_16, 6 threads
15780
15816
15941
16015
16115
16177
16213
16307
16358
16391
16434
16466
16500
16505
16507
16526
16533
16540
16563
16576
16724
16743
16827
16852
16883
16919
16981
16987
17040
17048
17098
17104
17111
17257
17319
17344
17346
17373
17379
17394
17623
17624
17651
17659
17663
17829
18043
18240
18293
19230
total_time, measles_16, 7 threads
14722
14738
14858
15147
15210
15212
15233
15238
15252
15265
15372
15374
15381
15437
15451
15478
15568
15650
15652
15748
15784
15790
15796
15886
16126
16133
16143
16172
16177
16193
16198
16199
16291
16306
16308
16328
16548
16637
16754
16826
16864
16871
16880
17187
17282
17840
17944
18055
18095
19514
total_time, measles_16, 8 threads
14283
14337
14564
14622
14687
14711
14776
14816
14823
14836
14889
14918
14952
14993
15003
15006
15025
15060
15115
15132
15176
15208
15251
15285
15324
15338
15362
15370
15407
15442
15443
15459
15515
15530
15586
15586
15695
15718
15739
15957
15998
16002
16146
16560
16656
16656
16899
18097
19225
20548
total_time, measles_60, 1 threads
12131
12217
12231
12275
12298
12359
12435
12494
12525
12593
12604
12611
12669
12701
12714
12722
12779
12829
12867
12907
12991
12996
13061
13100
13150
13207
13354
13568
13620
13706
13737
13825
13997
14007
14028
14129
14359
14567
14997
15918
16319
16928
16953
17153
17182
17537
17568
18004
18264
18397
total_time, measles_60, 2 threads
12852
12866
13040
13080
13089
13161
13239
13258
13279
13313
13367
13371
13459
13512
13631
13660
13681
13700
13720
13794
13821
13826
13826
13877
13896
14006
14013
14064
14071
14086
14094
14095
14129
14132
14170
14245
14281
14282
14286
14365
14449
14518
14522
14580
14620
14686
14733
14856
14859
16246
total_time, measles_60, 3 threads
11930
12259
12308
12312
12341
12342
12359
12520
12567
12646
12658
12663
12762
12766
12815
12852
12855
12885
12886
12949
12949
12997
12997
13046
13047
13065
13073
13081
13083
13136
13353
13357
13359
13405
13420
13477
13532
13541
13580
13602
13672
13704
13830
13841
14029
14224
14393
14512
14591
15462
total_time, measles_60, 4 threads
11296
11374
11390
11472
11484
11722
11881
11883
11948
11950
11963
12021
12023
12035
12091
12174
12192
12209
12338
12450
12493
12498
12515
12516
12566
12651
12718
12813
12818
12831
12852
12930
12977
13170
13179
13300
13301
13347
13448
13448
13478
13479
13495
13656
13699
13723
14016
14022
14301
14512
total_time, measles_60, 5 threads
11230
11510
11558
11599
11603
11661
11730
11742
11746
11788
11790
11822
11857
11868
11873
11886
11941
12007
12023
12052
12097
12126
12158
12185
12190
12220
12265
12273
12313
12358
12394
12432
12463
12474
12498
12511
12540
12686
12688
12707
12721
12761
12833
12894
12936
13083
13113
13347
13503
14436
total_time, measles_60, 6 threads
10968
11367
11442
11444
11461
11461
11501
11510
11578
11621
11641
11642
11657
11770
11842
11894
11905
11914
12015
12052
12060
12112
12117
12205
12293
12349
12571
12601
12681
12740
12758
12776
12831
12842
12864
12919
12964
12966
13034
13051
13102
13105
13109
13244
13413
13627
13843
14140
14318
15221
total_time, measles_60, 7 threads
10994
11051
11090
11132
11173
11211
11284
11320
11361
11384
11390
11415
11425
11449
11457
11524
11567
11570
11657
11666
11701
11708
11715
11718
11723
11741
11805
11814
11833
11837
11853
11861
11865
11897
11925
11925
12075
12162
12173
12189
12327
12373
12697
12871
12917
12962
13265
13549
14737
15053
total_time, measles_60, 8 threads
10669
10690
10705
10787
10799
10843
10950
10966
11028
11072
11089
11139
11158
11194
11240
11249
11308
11384
11401
11407
11446
11464
11479
11481
11482
11494
11575
11619
11622
11662
11667
11703
11759
11768
11918
11959
11989
12131
12171
12173
12199
12216
12361
12481
12492
12712
12713
12948
13124
13346
