measles_16: num_cases
590468
589493
590568
590796
590568
measles_16: run_time
7547
7942
7514
7604
7619
measles_16: total_time
17373
16724
15941
16500
18240
measles_60: num_cases
600000
600000
600000
600000
600000
measles_60: run_time
2946
2992
2930
2961
3141
measles_60: total_time
12831
12117
13034
12293
12740
measles_16: num_cases
589662
588787
590435
589174
590299
measles_16: run_time
7427
7940
7422
7986
7527
measles_16: total_time
16981
17651
17394
16540
17829
measles_60: num_cases
600000
600000
600000
600000
600000
measles_60: run_time
3076
2986
2980
3090
2818
measles_60: total_time
11621
10968
12964
11444
12571
measles_16: num_cases
590476
590546
589749
590665
588950
measles_16: run_time
7777
7369
8236
8023
8002
measles_16: total_time
16391
16507
17659
17098
17379
measles_60: num_cases
600000
600000
600000
600000
600000
measles_60: run_time
3060
3002
3107
3011
3025
measles_60: total_time
14140
11914
11770
11842
12758
measles_16: num_cases
589509
588270
590473
589975
590163
measles_16: run_time
7759
7430
7571
7656
7913
measles_16: total_time
17663
17344
16987
17048
17623
measles_60: num_cases
600000
600000
600000
600000
600000
measles_60: run_time
2957
2959
2977
2924
3021
measles_60: total_time
12966
14318
12052
13627
11578
measles_16: num_cases
590235
590478
589595
591664
590406
measles_16: run_time
7754
7297
7376
8068
7683
measles_16: total_time
19230
15780
16177
18043
16015
measles_60: num_cases
600000
600000
600000
600000
600000
measles_60: run_time
3094
2964
3013
2954
3066
measles_60: total_time
11461
11657
11461
11642
11510
measles_16: num_cases
589450
590537
590608
589964
590024
measles_16: run_time
7434
7922
7959
7541
7724
measles_16: total_time
16213
17111
18293
17346
16827
measles_60: num_cases
600000
600000
600000
600000
600000
measles_60: run_time
2857
2992
3446
2814
2902
measles_60: total_time
11367
12112
13051
12205
13244
measles_16: num_cases
589785
590237
589244
590967
590387
measles_16: run_time
7479
8016
7697
7687
7286
measles_16: total_time
16307
16919
16526
16505
16466
measles_60: num_cases
600000
600000
600000
600000
600000
measles_60: run_time
2782
2785
2759
2755
2722
measles_60: total_time
12919
11905
11894
12015
11442
measles_16: num_cases
590098
588990
590951
590294
590296
measles_16: run_time
7745
7451
7908
7586
7476
measles_16: total_time
16576
15816
16563
16883
17040
measles_60: num_cases
600000
600000
600000
600000
600000
measles_60: run_time
2834
2672
2853
3127
3095
measles_60: total_time
11501
12776
12601
13109
13102
measles_16: num_cases
590700
590248
590029
591181
589582
measles_16: run_time
7618
7976
7550
7745
7771
measles_16: total_time
16743
16852
17319
16533
16434
measles_60: num_cases
600000
600000
600000
600000
600000
measles_60: run_time
2853
3107
2937
3088
2883
measles_60: total_time
11641
13843
12060
12681
12864
measles_16: num_cases
590303
589573
588995
589942
589143
measles_16: run_time
7547
7270
7495
8147
7869
measles_16: total_time
17104
17624
16115
17257
16358
measles_60: num_cases
600000
600000
600000
600000
600000
measles_60: run_time
2908
2939
3385
2797
2755
measles_60: total_time
12349
13105
13413
15221
12842
