influenza_a: num_cases
2081
2308
2100
1881
2104
1993
2028
2242
2272
2188
influenza_b: num_cases
0
0
0
0
0
0
0
0
0
0
influenza_c: num_cases
5
5
5
5
5
5
5
5
5
5
influenza_a: run_time
1899
1937
1985
1915
1983
1957
2014
1990
1951
1931
influenza_a: total_time
10915
11732
11336
11905
12232
10401
12498
10668
11261
10277
influenza_b: run_time
1680
1683
1718
1709
1716
1688
1785
1748
1758
1735
influenza_b: total_time
10659
11148
12546
11824
11200
11251
11986
11247
11152
10695
influenza_c: run_time
748
867
867
883
862
901
737
933
857
855
influenza_c: total_time
5253
5796
5752
5515
5796
5451
5800
5528
5358
5256
influenza_a: num_cases
2078
2176
2167
2046
2197
2179
1930
2194
2048
2131
influenza_b: num_cases
0
0
0
0
0
0
0
0
0
0
influenza_c: num_cases
5
5
5
5
5
5
5
5
5
5
influenza_a: run_time
1950
2209
1854
1756
1839
1885
1756
1857
1829
1760
influenza_a: total_time
10186
12666
12360
10647
10773
10931
10534
10137
11483
10347
influenza_b: run_time
1490
1519
1512
1507
1597
1594
1663
1784
1581
1669
influenza_b: total_time
11447
10530
11036
12307
10058
12077
10414
11492
10675
11037
influenza_c: run_time
780
802
782
774
831
785
783
756
772
771
influenza_c: total_time
4935
5560
5031
5341
5339
5059
4902
5069
4868
5101
influenza_a: num_cases
2241
2182
2200
2019
2025
2192
2095
2170
2049
2277
influenza_b: num_cases
0
0
0
0
0
0
0
0
0
0
influenza_c: num_cases
5
5
5
5
5
5
5
5
5
5
influenza_a: run_time
1731
1751
1736
1702
1709
1894
1759
1764
1837
1894
influenza_a: total_time
11286
11501
10866
11598
10229
12416
11075
10942
10636
10187
influenza_b: run_time
1617
1628
1519
1596
1626
1534
1623
1585
1617
1611
influenza_b: total_time
10877
11585
9709
10393
11668
10123
11089
10571
9987
11906
influenza_c: run_time
805
823
807
1112
976
832
811
801
1013
793
influenza_c: total_time
5277
5314
5369
5554
5576
5218
5352
5168
5285
5089
influenza_a: num_cases
2325
2195
1981
2105
2143
2040
2303
2007
2023
2116
influenza_b: num_cases
0
0
0
0
0
0
0
0
0
0
influenza_c: num_cases
5
5
5
5
5
5
5
5
5
5
influenza_a: run_time
1720
1784
1745
1710
1700
1748
1715
1719
1755
1728
influenza_a: total_time
10410
10804
10476
12244
11331
10610
11077
11370
12872
11014
influenza_b: run_time
1505
1509
1488
1606
1502
1506
1548
1675
1595
1578
influenza_b: total_time
10441
11096
9848
10542
12031
10749
10208
11778
10600
11696
influenza_c: run_time
819
792
782
805
789
775
808
805
805
771
influenza_c: total_time
5505
5531
5230
4972
5610
5287
5164
5317
4998
4917
influenza_a: num_cases
2117
2203
2192
2342
2098
2284
2173
2436
2156
2179
influenza_b: num_cases
0
0
0
0
0
0
0
0
0
0
influenza_c: num_cases
5
5
5
5
5
5
5
5
5
5
influenza_a: run_time
1679
1720
1768
1766
1735
1734
1716
1775
1708
1745
influenza_a: total_time
11023
11182
10956
9515
10595
10537
10392
10896
10567
11468
influenza_b: run_time
1575
1582
1618
1616
1520
1486
1467
1548
1576
1490
influenza_b: total_time
11021
10084
9729
9861
10206
10201
10694
12139
10424
10717
influenza_c: run_time
782
782
1071
789
771
778
781
853
862
834
influenza_c: total_time
5010
5422
5407
5242
5183
5193
4990
5254
5561
4970
