influenza_a: num_cases
2197
2261
2138
2207
2117
2007
2288
2091
2037
2346
influenza_b: num_cases
0
0
0
0
0
0
0
0
0
0
influenza_c: num_cases
5
5
5
5
5
5
5
5
5
5
influenza_a: run_time
1296
1260
1237
1249
1235
1238
1252
1276
1250
1254
influenza_a: total_time
11587
9479
9486
9469
10438
9865
9738
10422
11169
10743
influenza_b: run_time
1110
1076
1133
1132
1116
1101
1186
1178
1123
1127
influenza_b: total_time
9643
9445
10541
10874
10142
10109
10515
10563
9951
11268
influenza_c: run_time
812
790
788
837
774
798
786
791
781
783
influenza_c: total_time
5167
5195
5064
5256
5466
5472
5135
5188
5147
5104
influenza_a: num_cases
2200
1970
2151
1909
2011
2074
2260
2176
2114
2291
influenza_b: num_cases
0
0
0
0
0
0
0
0
0
0
influenza_c: num_cases
5
5
5
5
5
5
5
5
5
5
influenza_a: run_time
1264
1226
1240
1371
1007
1022
1088
1049
1087
1106
influenza_a: total_time
9901
9756
10060
10454
11733
9008
10681
9694
9239
9932
influenza_b: run_time
920
974
959
949
927
945
1007
918
1021
970
influenza_b: total_time
9608
9361
9969
10814
9796
9428
10445
10912
11075
11145
influenza_c: run_time
673
684
640
670
684
687
715
656
653
683
influenza_c: total_time
5187
5429
4830
4896
5021
4770
4918
4876
4709
4884
influenza_a: num_cases
2078
1998
1902
1965
2395
1972
2090
1951
2333
2067
influenza_b: num_cases
0
0
0
0
0
0
0
0
0
0
influenza_c: num_cases
5
5
5
5
5
5
5
5
5
5
influenza_a: run_time
1079
1068
1017
1028
1070
1084
1084
1015
1060
1095
influenza_a: total_time
10601
9486
9442
11605
13401
11351
10372
9612
9764
9709
influenza_b: run_time
971
889
981
954
965
957
939
963
959
959
influenza_b: total_time
10553
9857
9540
9426
10166
9987
9964
11360
11179
10566
influenza_c: run_time
659
853
687
668
690
646
660
669
663
644
influenza_c: total_time
5498
5429
5523
5482
5197
5821
5182
5056
5281
4983
influenza_a: num_cases
2087
2087
2180
1829
2075
2070
2186
1981
2157
2097
influenza_b: num_cases
0
0
0
0
0
0
0
0
0
0
influenza_c: num_cases
5
5
5
5
5
5
5
5
5
5
influenza_a: run_time
1075
1118
1036
1027
1073
1070
1080
1111
1070
1078
influenza_a: total_time
9411
10018
9508
11862
10220
10007
9064
9572
11154
9990
influenza_b: run_time
932
934
956
1012
971
979
956
1010
961
995
influenza_b: total_time
10127
9981
8990
9589
9579
9205
9730
9972
10805
9785
influenza_c: run_time
694
692
660
734
690
684
758
670
680
677
influenza_c: total_time
4879
5372
5307
5198
4884
5364
4902
4760
5144
4808
influenza_a: num_cases
2061
1992
2023
2110
2237
2405
2073
2205
2250
2039
influenza_b: num_cases
0
0
0
0
0
0
0
0
0
0
influenza_c: num_cases
5
5
5
5
5
5
5
5
5
5
influenza_a: run_time
1062
1056
1044
1057
1095
1046
1095
1043
1057
1062
influenza_a: total_time
10034
10054
10031
9389
9717
9112
9456
9479
9630
9847
influenza_b: run_time
924
993
936
937
958
956
927
1044
994
956
influenza_b: total_time
9163
10229
9273
11239
9818
9190
10397
10052
10010
9924
influenza_c: run_time
662
706
654
701
679
693
631
671
657
730
influenza_c: total_time
4891
5306
4788
5174
5002
4776
4833
4764
4836
4869
