influenza_a: num_cases
2168
1910
2087
1965
2159
2110
1805
2122
2201
2062
influenza_b: num_cases
0
0
0
0
0
0
0
0
0
0
influenza_c: num_cases
5
5
5
5
5
5
5
5
5
5
influenza_a: run_time
1547
1523
1555
1523
1529
1547
1577
1585
1596
1543
influenza_a: total_time
10710
10086
10096
12342
11036
10048
11247
10216
11484
11032
influenza_b: run_time
1322
1304
1348
1315
1309
1342
1348
1363
1338
1348
influenza_b: total_time
10645
9396
11176
10563
10918
10991
10025
10189
11183
10506
influenza_c: run_time
788
763
767
737
749
782
774
728
765
718
influenza_c: total_time
5734
5613
5413
5263
5434
5272
5441
5248
5007
4992
influenza_a: num_cases
1995
2234
2013
1907
2007
2107
2115
2164
2124
2191
influenza_b: num_cases
0
0
0
0
0
0
0
0
0
0
influenza_c: num_cases
5
5
5
5
5
5
5
5
5
5
influenza_a: run_time
1492
1572
1761
1414
1406
1427
1420
1447
1466
1400
influenza_a: total_time
11099
12219
15838
9911
10748
10361
10661
9935
10612
11165
influenza_b: run_time
1211
1226
1234
1276
1240
1241
1254
1305
1234
1259
influenza_b: total_time
11390
11853
12651
10848
10854
11177
11429
11456
14445
10491
influenza_c: run_time
766
663
735
779
747
709
686
705
695
684
influenza_c: total_time
5127
5108
5372
5373
5112
5077
5288
5281
5122
5170
influenza_a: num_cases
2197
2047
2183
2049
2128
2015
2080
1990
2067
2096
influenza_b: num_cases
0
0
0
0
0
0
0
0
0
0
influenza_c: num_cases
5
5
5
5
5
5
5
5
5
5
influenza_a: run_time
1360
1438
1427
1434
1443
1458
1468
1384
1349
1438
influenza_a: total_time
12901
9604
11025
10133
10359
10302
10066
10609
10591
10922
influenza_b: run_time
1163
1236
1236
1202
1236
1204
1238
1272
1213
1194
influenza_b: total_time
10836
9784
11707
9763
9969
9945
9897
12669
11477
12428
influenza_c: run_time
697
731
725
756
804
798
796
761
743
761
influenza_c: total_time
4932
5556
5379
5254
5717
5346
5495
5205
5268
5102
influenza_a: num_cases
2094
2104
2025
2301
2008
2101
2222
2073
2042
2101
influenza_b: num_cases
0
0
0
0
0
0
0
0
0
0
influenza_c: num_cases
5
5
5
5
5
5
5
5
5
5
influenza_a: run_time
1519
1523
1542
1596
1522
1564
1544
1542
1521
1552
influenza_a: total_time
11311
10953
11087
10840
10125
9962
12289
12071
9856
10259
influenza_b: run_time
1350
1383
1340
1308
1347
1311
1302
1279
1311
1308
influenza_b: total_time
9851
10142
10079
10669
10906
10163
10063
10113
11275
10622
influenza_c: run_time
757
767
772
764
764
728
797
804
776
769
influenza_c: total_time
5430
5021
5369
5480
5208
5283
5226
5046
4895
4920
influenza_a: num_cases
2167
2175
2063
2255
2255
2068
2136
2370
2201
1970
influenza_b: num_cases
0
0
0
0
0
0
0
0
0
0
influenza_c: num_cases
5
5
5
5
5
5
5
5
5
5
influenza_a: run_time
1432
1592
1547
1557
1562
1538
1561
1563
1560
1527
influenza_a: total_time
13530
10490
11321
10278
10539
10131
10762
11277
9452
11648
influenza_b: run_time
1350
1297
1348
1298
1339
1343
1324
1393
1344
1388
influenza_b: total_time
10493
10617
12006
10287
9689
10267
9963
11017
10885
10269
influenza_c: run_time
760
738
806
765
735
792
812
726
755
759
influenza_c: total_time
5361
5454
5277
5653
5239
5316
5267
5301
5125
5038
