measles_16: num_cases
591056
589233
590080
589999
590554
measles_16: run_time
9032
9813
9625
9479
9113
measles_16: total_time
17764
19046
18945
19953
18240
measles_60: num_cases
600000
600000
600000
600000
600000
measles_60: run_time
3412
3479
3369
3324
3474
measles_60: total_time
14512
13300
12852
14016
13448
measles_16: num_cases
589690
589738
590970
588681
589542
measles_16: run_time
9490
9050
9939
9641
9500
measles_16: total_time
22065
18218
19973
19796
19725
measles_60: num_cases
600000
600000
600000
600000
600000
measles_60: run_time
3289
3478
3407
3477
3398
measles_60: total_time
13478
12813
12515
12450
12338
measles_16: num_cases
590249
590288
589431
591364
590765
measles_16: run_time
10036
10137
9646
8846
9984
measles_16: total_time
18972
18748
18403
18288
20394
measles_60: num_cases
600000
600000
600000
600000
600000
measles_60: run_time
3252
4188
3410
3261
3345
measles_60: total_time
12021
13495
12818
14301
11881
measles_16: num_cases
589772
590530
589962
590543
590823
measles_16: run_time
9815
9542
10257
10114
9449
measles_16: total_time
18116
18027
18437
19047
18261
measles_60: num_cases
600000
600000
600000
600000
600000
measles_60: run_time
3367
3357
3336
3427
3436
measles_60: total_time
12831
12091
14022
12718
13170
measles_16: num_cases
590101
590046
590558
589943
589146
measles_16: run_time
8966
9231
8687
9048
8844
measles_16: total_time
17857
18502
18370
17908
17352
measles_60: num_cases
600000
600000
600000
600000
600000
measles_60: run_time
3218
3176
3280
3382
3220
measles_60: total_time
13347
12516
11950
13656
11484
measles_16: num_cases
590668
589691
590555
589815
590850
measles_16: run_time
8854
9942
9015
9877
9666
measles_16: total_time
17472
18778
17610
22735
18416
measles_60: num_cases
600000
600000
600000
600000
600000
measles_60: run_time
3318
3282
3446
3216
3312
measles_60: total_time
11472
12035
11963
11390
13479
measles_16: num_cases
590155
590845
589932
590130
591183
measles_16: run_time
8745
9667
9364
8782
9575
measles_16: total_time
19021
19156
19317
19070
18531
measles_60: num_cases
600000
600000
600000
600000
600000
measles_60: run_time
3079
3103
3324
3288
3083
measles_60: total_time
11722
12192
12498
12651
11296
measles_16: num_cases
590053
588846
590288
590293
589979
measles_16: run_time
9715
10036
9695
9315
9533
measles_16: total_time
20078
20242
18395
17563
19925
measles_60: num_cases
600000
600000
600000
600000
600000
measles_60: run_time
3437
3459
3212
3060
3186
measles_60: total_time
13448
12209
11374
11883
11948
measles_16: num_cases
589769
589921
590203
590021
590818
measles_16: run_time
8803
8982
10147
9451
9261
measles_16: total_time
17998
18005
22025
17426
18222
measles_60: num_cases
600000
600000
600000
600000
600000
measles_60: run_time
3385
3334
3118
3309
3420
measles_60: total_time
12977
12566
12023
12493
13723
measles_16: num_cases
589753
590364
590152
590138
590012
measles_16: run_time
10111
9054
9233
10126
9623
measles_16: total_time
19254
18328
18388
19035
18079
measles_60: num_cases
600000
600000
600000
600000
600000
measles_60: run_time
3326
3396
3443
3565
3356
measles_60: total_time
12174
12930
13301
13699
13179
