measles_16: num_cases
590453
589300
590673
589972
590007
measles_16: run_time
8484
8471
8549
8596
8697
measles_16: total_time
18427
17438
17147
17585
17964
measles_60: num_cases
600000
600000
600000
600000
600000
measles_60: run_time
7245
4264
4215
4254
4266
measles_60: total_time
16319
14028
13706
12867
13825
measles_16: num_cases
590067
590104
589766
590183
590567
measles_16: run_time
8991
8389
8457
8438
8608
measles_16: total_time
17827
17291
17965
17098
17632
measles_60: num_cases
600000
600000
600000
600000
600000
measles_60: run_time
8627
4298
4279
4672
4027
measles_60: total_time
17568
14567
14129
15918
12275
measles_16: num_cases
591385
590849
591438
589451
590092
measles_16: run_time
8304
8286
8354
8235
8315
measles_16: total_time
16780
17581
17182
17639
15877
measles_60: num_cases
600000
600000
600000
600000
600000
measles_60: run_time
8378
4011
4001
4023
4007
measles_60: total_time
18264
12611
12359
13737
12494
measles_16: num_cases
590526
590126
591237
590463
589954
measles_16: run_time
8393
8163
8298
8309
8230
measles_16: total_time
17351
16348
17103
17069
16968
measles_60: num_cases
600000
600000
600000
600000
600000
measles_60: run_time
8384
4053
4015
4011
4039
measles_60: total_time
17537
12907
14997
14007
12525
measles_16: num_cases
591349
590583
589889
590589
589908
measles_16: run_time
8443
8437
8464
8445
8377
measles_16: total_time
17514
18070
17132
17573
18718
measles_60: num_cases
600000
600000
600000
600000
600000
measles_60: run_time
8430
3979
4069
4021
3991
measles_60: total_time
18397
12231
13207
13061
12991
measles_16: num_cases
591008
590346
589428
589615
590547
measles_16: run_time
8383
8310
8449
8413
8407
measles_16: total_time
17762
18615
18122
17450
17697
measles_60: num_cases
600000
600000
600000
600000
600000
measles_60: run_time
8447
4088
4071
4111
4084
measles_60: total_time
16953
13100
12722
13354
13997
measles_16: num_cases
589792
590495
590191
590273
589553
measles_16: run_time
8180
8358
8254
8263
8241
measles_16: total_time
17097
17337
17791
17128
18260
measles_60: num_cases
600000
600000
600000
600000
600000
measles_60: run_time
8361
3964
3961
3970
4012
measles_60: total_time
18004
13620
12996
12298
12593
measles_16: num_cases
590385
589194
590025
590874
590687
measles_16: run_time
8159
8229
8161
8237
8646
measles_16: total_time
17435
17280
18342
17159
18694
measles_60: num_cases
600000
600000
600000
600000
600000
measles_60: run_time
8286
4010
3992
4004
3999
measles_60: total_time
16928
13568
14359
12669
12701
measles_16: num_cases
589821
591074
590670
589747
589659
measles_16: run_time
8228
8356
8259
8196
8337
measles_16: total_time
17463
17111
17660
16888
17330
measles_60: num_cases
600000
600000
600000
600000
600000
measles_60: run_time
8362
3977
3986
3980
3991
measles_60: total_time
17153
12779
12714
12217
12829
measles_16: num_cases
589847
590039
590667
590329
589922
measles_16: run_time
8267
8272
8317
8212
8246
measles_16: total_time
16643
16793
16966
16911
18495
measles_60: num_cases
600000
600000
600000
600000
600000
measles_60: run_time
8315
3987
3957
3980
3969
measles_60: total_time
17182
13150
12604
12131
12435
