measles_16: num_cases
590645
588456
590174
590719
590481
measles_16: run_time
15271
14366
15275
15352
15181
measles_16: total_time
23881
22928
23536
25269
23961
measles_60: num_cases
600000
600000
600000
600000
600000
measles_60: run_time
5099
5025
5049
5169
5099
measles_60: total_time
14686
13631
14286
13794
13660
measles_16: num_cases
590486
590151
590613
589937
590458
measles_16: run_time
15554
14419
15330
14396
17286
measles_16: total_time
25087
23835
24360
23260
27613
measles_60: num_cases
600000
600000
600000
600000
600000
measles_60: run_time
4932
4889
5193
5119
4808
measles_60: total_time
13826
13459
14449
13896
14245
measles_16: num_cases
590440
590457
589947
590760
590564
measles_16: run_time
15022
14879
15797
15289
15227
measles_16: total_time
24708
22935
24641
25267
24709
measles_60: num_cases
600000
600000
600000
600000
600000
measles_60: run_time
5035
4997
4896
4738
5073
measles_60: total_time
14580
14856
12866
13313
14013
measles_16: num_cases
589241
590200
590803
590960
589669
measles_16: run_time
15240
15201
15008
15314
14385
measles_16: total_time
23546
24479
25364
23388
23640
measles_60: num_cases
600000
600000
600000
600000
600000
measles_60: run_time
4964
4856
5100
5110
5029
measles_60: total_time
16246
14518
14006
14859
13367
measles_16: num_cases
589440
589208
589129
590840
590913
measles_16: run_time
14493
15102
15100
14511
15123
measles_16: total_time
23584
23721
24605
22951
24683
measles_60: num_cases
600000
600000
600000
600000
600000
measles_60: run_time
4863
4956
4805
5071
5032
measles_60: total_time
13681
13279
13161
13239
14282
measles_16: num_cases
591025
589828
590996
589980
590451
measles_16: run_time
14450
15231
15099
15198
14478
measles_16: total_time
23799
24566
23842
25652
23928
measles_60: num_cases
600000
600000
600000
600000
600000
measles_60: run_time
4840
4859
4893
5059
5050
measles_60: total_time
13720
13512
14132
14094
13877
measles_16: num_cases
590715
590539
590742
589828
590851
measles_16: run_time
14291
15339
15208
14424
17401
measles_16: total_time
22711
24815
24562
22758
26181
measles_60: num_cases
600000
600000
600000
600000
600000
measles_60: run_time
5046
4890
4897
5065
5017
measles_60: total_time
14733
14086
13258
14071
14522
measles_16: num_cases
588361
589310
589434
589200
589630
measles_16: run_time
15159
14138
14682
15105
15002
measles_16: total_time
24051
23435
23239
25348
25326
measles_60: num_cases
600000
600000
600000
600000
600000
measles_60: run_time
4959
4973
4839
4897
4866
measles_60: total_time
13700
14170
13371
14365
13826
measles_16: num_cases
590578
589664
589835
591060
589621
measles_16: run_time
15347
15319
15212
15347
15263
measles_16: total_time
24263
24649
23990
25184
24314
measles_60: num_cases
600000
600000
600000
600000
600000
measles_60: run_time
4904
4933
5075
4957
5046
measles_60: total_time
13080
14129
14281
14095
13040
measles_16: num_cases
590494
590135
590646
589952
589883
measles_16: run_time
15065
15336
14893
15012
15193
measles_16: total_time
23684
24039
23719
24659
23836
measles_60: num_cases
600000
600000
600000
600000
600000
measles_60: run_time
4618
5017
4934
4973
5031
measles_60: total_time
12852
13089
14620
14064
13821
