influenza_a: num_cases
1894
1964
2276
2035
2015
1983
2173
2239
2050
2229
influenza_b: num_cases
0
0
0
0
0
0
0
0
0
0
influenza_c: num_cases
5
5
5
5
5
5
5
5
5
5
influenza_a: run_time
1394
1414
1406
1418
1387
1372
1422
1373
1396
1442
influenza_a: total_time
10229
9093
11363
11343
10361
11142
10288
10629
11340
9852
influenza_b: run_time
1316
1376
1300
1256
1326
1305
1350
1323
1302
1300
influenza_b: total_time
9972
9527
9384
10137
10708
11203
10331
10665
12282
10431
influenza_c: run_time
946
969
988
991
903
985
973
939
956
956
influenza_c: total_time
5213
5512
5321
5344
5430
5402
5081
5163
5052
5153
influenza_a: num_cases
2113
2124
2132
2202
2194
2154
2136
2165
1976
2015
influenza_b: num_cases
0
0
0
0
0
0
0
0
0
0
influenza_c: num_cases
5
5
5
5
5
5
5
5
5
5
influenza_a: run_time
1390
1375
1415
1376
1110
1096
1104
1103
1069
1100
influenza_a: total_time
11765
10291
9889
13628
10720
11210
10024
9963
10505
10166
influenza_b: run_time
1045
1030
1021
1015
1027
1010
1049
1064
1055
1055
influenza_b: total_time
11916
11167
11966
10192
10360
10389
11923
10301
11339
10799
influenza_c: run_time
843
796
782
783
758
821
763
786
802
796
influenza_c: total_time
5449
5143
5391
5210
5082
5359
5257
5232
5277
5208
influenza_a: num_cases
2222
2048
2045
2221
2067
2071
2086
2008
2064
2079
influenza_b: num_cases
0
0
0
0
0
0
0
0
0
0
influenza_c: num_cases
5
5
5
5
5
5
5
5
5
5
influenza_a: run_time
1068
1106
1100
1180
1096
1112
1143
1115
1123
1106
influenza_a: total_time
9248
12069
9718
10204
9843
10525
11691
9785
10383
11044
influenza_b: run_time
995
993
1137
1287
1286
1313
1306
1375
1321
1285
influenza_b: total_time
10729
9993
10455
9940
10692
10083
11052
11740
10041
9737
influenza_c: run_time
964
956
974
960
980
964
955
976
957
965
influenza_c: total_time
5376
5456
5317
5980
5318
5383
5358
5250
5297
5383
influenza_a: num_cases
1967
2244
1991
2160
2099
2158
2130
2179
2207
2162
influenza_b: num_cases
0
0
0
0
0
0
0
0
0
0
influenza_c: num_cases
5
5
5
5
5
5
5
5
5
5
influenza_a: run_time
1397
1366
1409
1418
1410
1360
1420
1408
1450
1390
influenza_a: total_time
10196
11251
9743
11414
10241
10068
10721
10303
10254
10827
influenza_b: run_time
1283
1276
1285
1286
1335
1357
1314
1322
1352
1282
influenza_b: total_time
9887
10152
12482
10168
11136
9857
13626
12464
12571
11046
influenza_c: run_time
988
965
967
1006
977
978
941
950
933
1008
influenza_c: total_time
5994
5842
5691
5515
5745
5466
5313
5475
5360
5461
influenza_a: num_cases
2074
2012
2055
2091
2050
2098
2104
2058
1869
2226
influenza_b: num_cases
0
0
0
0
0
0
0
0
0
0
influenza_c: num_cases
5
5
5
5
5
5
5
5
5
5
influenza_a: run_time
1429
1386
1364
1394
1373
1402
1394
1398
1396
1422
influenza_a: total_time
11460
9525
12330
10562
10308
10432
10058
10663
9395
10553
influenza_b: run_time
1310
1342
1298
1324
1309
1311
1286
1323
1323
1453
influenza_b: total_time
9790
11024
10307
10170
10807
11762
10632
13962
10611
12813
influenza_c: run_time
977
990
977
1115
940
930
949
953
935
899
influenza_c: total_time
6026
5731
5655
5587
5637
5519
5583
5423
5365
5397
