influenza_a: num_cases
2347
1985
2141
2079
1995
2230
2324
2146
2210
1988
influenza_b: num_cases
0
0
0
0
0
0
0
0
0
0
influenza_c: num_cases
5
5
5
5
5
5
5
5
6
5
influenza_a: run_time
1313
1273
1279
1293
1269
1294
1290
1280
1284
1269
influenza_a: total_time
10359
9278
11744
12611
11146
10704
11472
11343
9904
11471
influenza_b: run_time
1128
1147
1140
1132
1139
1148
1167
1154
1162
1158
influenza_b: total_time
10323
9892
9961
11560
9891
9753
10249
10499
10325
10335
influenza_c: run_time
749
789
774
793
765
762
786
776
783
774
influenza_c: total_time
5321
5193
5151
5181
5457
5548
5330
5096
5167
5135
influenza_a: num_cases
2222
2034
1947
2167
1898
2145
2182
2187
1999
2010
influenza_b: num_cases
0
0
0
0
0
0
0
0
0
0
influenza_c: num_cases
5
5
5
5
5
5
5
5
5
5
influenza_a: run_time
1303
1265
1339
1098
1084
1116
1157
1149
1080
1121
influenza_a: total_time
9949
11385
10515
12598
10353
11315
9688
10166
9305
9951
influenza_b: run_time
990
1002
1000
986
992
1010
979
1039
1018
977
influenza_b: total_time
9525
9807
10580
9425
10205
9554
10727
11832
9542
10212
influenza_c: run_time
713
659
713
664
625
719
695
693
706
732
influenza_c: total_time
5191
5380
5078
5731
5103
5350
5133
5156
5060
5101
influenza_a: num_cases
2044
1867
2035
1844
2017
2193
2055
2279
2125
2233
influenza_b: num_cases
0
0
0
0
0
0
0
0
0
0
influenza_c: num_cases
5
5
5
5
5
5
5
5
5
5
influenza_a: run_time
1111
1072
1114
1103
1136
1144
1135
1154
1113
1125
influenza_a: total_time
10202
9316
10233
9545
9632
10128
9188
11588
10250
9568
influenza_b: run_time
969
963
962
1018
1016
956
973
1025
970
1036
influenza_b: total_time
10538
9650
9383
10533
9272
9392
9783
10576
9870
10534
influenza_c: run_time
685
627
620
679
647
751
704
685
702
693
influenza_c: total_time
4903
5373
4946
5150
5102
5112
5070
5021
4970
4913
influenza_a: num_cases
2046
2132
2122
2030
1946
2187
2134
2053
2066
1922
influenza_b: num_cases
0
0
0
0
0
0
0
0
0
0
influenza_c: num_cases
5
5
5
5
5
5
5
5
5
5
influenza_a: run_time
1075
1100
1120
1095
1120
1135
1139
1109
1124
1112
influenza_a: total_time
10090
9650
11000
10381
9833
9671
9875
10123
9061
10563
influenza_b: run_time
962
999
968
987
1006
991
963
1027
997
976
influenza_b: total_time
10486
11917
11358
9957
10838
9641
11003
11103
10585
9902
influenza_c: run_time
671
689
710
674
721
654
652
631
713
683
influenza_c: total_time
5361
5218
5303
5126
5257
5188
5026
4998
5233
4952
influenza_a: num_cases
2041
2228
2041
2106
2179
2219
2004
2150
2084
2333
influenza_b: num_cases
0
0
0
0
0
0
0
0
0
0
influenza_c: num_cases
5
5
5
5
5
5
5
5
5
5
influenza_a: run_time
1125
1125
1110
1113
1093
1153
1140
1126
1093
1111
influenza_a: total_time
9938
9855
9186
9480
10469
9734
10541
9466
9570
9902
influenza_b: run_time
971
1000
1018
940
955
1027
1000
1022
1071
999
influenza_b: total_time
9980
10515
9325
9476
9946
10437
10163
10379
10326
10429
influenza_c: run_time
701
707
671
716
645
668
645
647
692
631
influenza_c: total_time
5075
5264
5282
5255
5261
5205
5124
5035
5095
5008
