measles_16: num_cases
591375
590148
589896
589938
590163
measles_16: run_time
6472
6117
6491
6528
6439
measles_16: total_time
15115
14622
15025
15739
15176
measles_60: num_cases
600000
600000
600000
600000
600000
measles_60: run_time
2739
2822
2701
2785
2837
measles_60: total_time
12481
10966
11622
11575
11703
measles_16: num_cases
589550
590418
590347
590638
589836
measles_16: run_time
6321
6136
6672
6402
6046
measles_16: total_time
15695
15324
15998
15957
14776
measles_60: num_cases
600000
600000
600000
600000
600000
measles_60: run_time
2729
2722
2667
2699
2819
measles_60: total_time
11619
11662
11308
11479
12199
measles_16: num_cases
588696
589910
590056
590708
590685
measles_16: run_time
6388
6216
6107
6190
6064
measles_16: total_time
16656
14283
18097
14823
16002
measles_60: num_cases
600000
600000
600000
600000
600000
measles_60: run_time
2544
2477
2452
2507
2460
measles_60: total_time
11139
12712
11401
12361
11249
measles_16: num_cases
590757
591020
589472
590630
590962
measles_16: run_time
6075
6366
6011
5904
5897
measles_16: total_time
20548
15586
15362
14918
15370
measles_60: num_cases
600000
600000
600000
600000
600000
measles_60: run_time
2482
2399
2627
2574
2437
measles_60: total_time
10690
11446
12713
12173
11918
measles_16: num_cases
590386
588733
590417
590220
590620
measles_16: run_time
5824
6186
6264
6137
5930
measles_16: total_time
15515
14816
16899
14889
19225
measles_60: num_cases
600000
600000
600000
600000
600000
measles_60: run_time
2409
2440
2436
2396
2431
measles_60: total_time
10843
12171
10950
10787
11028
measles_16: num_cases
589949
590282
590020
590725
589499
measles_16: run_time
6447
6263
5966
5929
5924
measles_16: total_time
15006
15060
14993
15003
15586
measles_60: num_cases
600000
600000
600000
600000
600000
measles_60: run_time
2422
2422
2455
2493
2407
measles_60: total_time
12492
11158
11194
11407
11482
measles_16: num_cases
591197
590002
589677
590324
589746
measles_16: run_time
6091
6096
5875
5996
6351
measles_16: total_time
15208
14564
15251
14687
15407
measles_60: num_cases
600000
600000
600000
600000
600000
measles_60: run_time
2423
2402
2460
2471
2483
measles_60: total_time
11384
10669
10705
11240
11989
measles_16: num_cases
590301
589590
589041
589912
590349
measles_16: run_time
6114
5985
5864
5778
6242
measles_16: total_time
15443
14711
15530
16146
14836
measles_60: num_cases
600000
600000
600000
600000
600000
measles_60: run_time
2417
2493
2494
2430
2608
measles_60: total_time
11481
12948
11072
11959
11667
measles_16: num_cases
590979
589094
591299
589968
589960
measles_16: run_time
6326
6181
6180
6376
6114
measles_16: total_time
15285
15442
16656
14952
15718
measles_60: num_cases
600000
600000
600000
600000
600000
measles_60: run_time
2738
2676
2734
2792
2748
measles_60: total_time
13124
11464
11089
13346
10799
measles_16: num_cases
590295
589899
590522
589892
590571
measles_16: run_time
6524
6364
6159
6130
6484
measles_16: total_time
15132
15459
15338
14337
16560
measles_60: num_cases
600000
600000
600000
600000
600000
measles_60: run_time
2685
2801
2770
2807
2727
measles_60: total_time
11768
11494
12216
11759
12131
