measles_16: num_cases
588644
590771
590779
590237
590167
measles_16: run_time
12567
13008
11129
12687
12742
measles_16: total_time
22091
23200
19824
22168
21475
measles_60: num_cases
600000
600000
600000
600000
600000
measles_60: run_time
4274
3902
4209
4035
4209
measles_60: total_time
13136
12259
12949
12312
12997
measles_16: num_cases
590227
589539
589985
589142
589476
measles_16: run_time
12805
12747
12666
11290
12446
measles_16: total_time
21006
21249
21931
19713
21245
measles_60: num_cases
600000
600000
600000
600000
600000
measles_60: run_time
4290
5008
4106
3747
4217
measles_60: total_time
12855
14224
14591
13541
13580
measles_16: num_cases
590220
589953
590162
589912
589030
measles_16: run_time
12970
11297
13234
13196
12892
measles_16: total_time
21902
20074
22115
21893
23457
measles_60: num_cases
600000
600000
600000
600000
600000
measles_60: run_time
4150
4174
3938
3809
4070
measles_60: total_time
12567
14393
13065
13359
13420
measles_16: num_cases
589136
590566
590984
589884
590059
measles_16: run_time
12545
12755
12669
12621
13175
measles_16: total_time
24004
21652
22489
22623
21618
measles_60: num_cases
600000
600000
600000
600000
600000
measles_60: run_time
3731
3814
4168
4160
3732
measles_60: total_time
13830
13073
13704
13353
12766
measles_16: num_cases
590711
589498
590056
590483
589496
measles_16: run_time
12825
11009
12599
13361
12819
measles_16: total_time
21555
19691
22535
22642
21637
measles_60: num_cases
600000
600000
600000
600000
600000
measles_60: run_time
4020
3816
3822
3797
4035
measles_60: total_time
13405
14512
12949
12815
12359
measles_16: num_cases
590416
589659
590565
589230
589896
measles_16: run_time
11288
13070
12739
12578
12989
measles_16: total_time
19944
21703
21207
21725
23872
measles_60: num_cases
600000
600000
600000
600000
600000
measles_60: run_time
4257
4258
3744
3975
3906
measles_60: total_time
12885
13357
12308
13083
12342
measles_16: num_cases
589995
590103
591116
591112
589120
measles_16: run_time
11246
12689
12680
12685
12744
measles_16: total_time
20842
21547
20943
21736
21506
measles_60: num_cases
600000
600000
600000
600000
600000
measles_60: run_time
4181
4144
4259
4237
4154
measles_60: total_time
13672
15462
12997
13477
12663
measles_16: num_cases
591017
590162
590415
590518
589643
measles_16: run_time
11466
12475
12971
12729
11120
measles_16: total_time
20980
22325
22373
21362
19506
measles_60: num_cases
600000
600000
600000
600000
600000
measles_60: run_time
3723
4174
3660
3905
3774
measles_60: total_time
13841
13046
11930
12658
13047
measles_16: num_cases
590625
590475
590282
589868
589996
measles_16: run_time
12764
12908
12572
12823
12684
measles_16: total_time
23118
23178
21738
21520
22546
measles_60: num_cases
600000
600000
600000
600000
600000
measles_60: run_time
3770
4130
4166
3906
4225
measles_60: total_time
12341
13081
12646
12762
12852
measles_16: num_cases
590016
590089
590779
590971
589389
measles_16: run_time
11368
12969
12691
12517
12682
measles_16: total_time
21670
22033
21346
21930
21905
measles_60: num_cases
600000
600000
600000
600000
600000
measles_60: run_time
4121
4064
3902
3922
3801
measles_60: total_time
13602
12886
12520
13532
14029
