influenza_a: num_cases
2269
2186
2064
2172
2286
2110
2102
2165
2152
2042
influenza_b: num_cases
0
0
0
0
0
0
0
0
0
0
influenza_c: num_cases
5
5
5
5
5
5
5
5
5
5
influenza_a: run_time
1367
1376
1332
1382
1370
1351
1374
1381
1389
1384
influenza_a: total_time
10247
9791
10642
11068
12271
10145
10901
9920
9977
9910
influenza_b: run_time
1195
1205
1232
1214
1195
1221
1264
1413
1234
1269
influenza_b: total_time
11498
10747
11048
10037
13356
10494
10253
10922
10729
10364
influenza_c: run_time
766
743
885
801
736
797
761
863
744
743
influenza_c: total_time
5591
5241
5457
5528
5702
5537
5288
5398
5167
5183
influenza_a: num_cases
2011
2064
1940
2180
1982
2186
2323
2076
2158
2208
influenza_b: num_cases
0
0
0
0
0
0
0
0
0
0
influenza_c: num_cases
5
5
5
5
5
5
5
5
5
5
influenza_a: run_time
1351
1361
1478
1211
1165
1224
1229
1243
1259
1292
influenza_a: total_time
9625
10413
9387
13353
9936
9424
12182
10239
9714
10517
influenza_b: run_time
1046
1042
1073
1056
1062
1053
1132
1105
1089
1067
influenza_b: total_time
10708
11343
9586
9376
9545
9450
9880
10210
9813
11561
influenza_c: run_time
730
702
625
692
727
686
739
711
753
751
influenza_c: total_time
4958
5180
4984
4826
5171
4861
4919
4891
4905
4861
influenza_a: num_cases
2150
1995
2257
2051
2094
2098
2105
1937
2092
2079
influenza_b: num_cases
0
0
0
0
0
0
0
0
0
0
influenza_c: num_cases
5
5
5
5
5
5
5
5
5
5
influenza_a: run_time
1192
1199
1216
1205
1195
1252
1222
1202
1236
1213
influenza_a: total_time
9782
10297
9537
10546
11739
10198
10066
9916
11255
9617
influenza_b: run_time
1055
1075
1057
1138
1092
1071
1077
1118
1112
1057
influenza_b: total_time
10343
9575
12264
9950
10561
9778
10573
10490
11134
11910
influenza_c: run_time
665
677
663
701
741
754
645
676
702
687
influenza_c: total_time
5144
5526
5401
5449
5331
5711
5109
5101
5098
5090
influenza_a: num_cases
2122
1924
2258
1828
1966
2027
2434
2006
2156
2295
influenza_b: num_cases
0
0
0
0
0
0
0
0
0
0
influenza_c: num_cases
5
5
5
5
5
5
5
5
5
5
influenza_a: run_time
1235
1209
1229
1184
1231
1205
1194
1247
1264
1258
influenza_a: total_time
10244
10666
9586
10543
9767
10651
9334
9819
9950
9814
influenza_b: run_time
1043
1051
1086
1068
1056
1061
1061
1142
1160
1090
influenza_b: total_time
9848
11269
10068
10908
11239
10738
11989
10791
10059
10926
influenza_c: run_time
763
675
664
665
692
673
675
699
741
719
influenza_c: total_time
5452
5349
5302
5419
5635
5310
5041
5141
5119
5126
influenza_a: num_cases
2229
2055
2023
2168
2354
2187
1967
2165
2036
2231
influenza_b: num_cases
0
0
0
0
0
0
0
0
0
0
influenza_c: num_cases
5
5
5
5
5
5
5
5
5
5
influenza_a: run_time
1197
1202
1195
1215
1219
1240
1252
1224
1213
1238
influenza_a: total_time
9438
9623
10304
10058
12028
11414
10313
9889
10076
10165
influenza_b: run_time
1070
1069
1101
1063
1073
1064
1061
1146
1070
1084
influenza_b: total_time
9704
11798
10455
10054
9678
9931
10840
10482
10709
10836
influenza_c: run_time
710
682
689
645
676
910
698
742
746
694
influenza_c: total_time
5403
5242
5497
5054
5681
5695
5178
5223
5029
5213
