influenza_a: num_cases
1972
2036
2025
2327
2112
2162
2046
2136
2030
2334
influenza_b: num_cases
0
0
0
0
0
0
0
0
0
0
influenza_c: num_cases
5
5
5
5
5
5
5
5
5
5
influenza_a: run_time
2451
2697
2447
2499
2476
2491
2427
2437
2435
2464
influenza_a: total_time
11587
11933
12157
12504
11926
13535
11035
11166
11304
11147
influenza_b: run_time
2228
2215
2331
2326
2297
2224
2369
2336
2239
2388
influenza_b: total_time
11587
10774
12559
11100
11502
11834
12459
12610
11919
12206
influenza_c: run_time
776
761
859
847
762
887
785
772
877
769
influenza_c: total_time
5328
5431
5405
5326
5219
5485
5559
5505
5603
5648
influenza_a: num_cases
2138
2299
2110
1990
1967
2309
2237
2189
2151
2268
influenza_b: num_cases
0
0
0
0
0
0
0
0
0
0
influenza_c: num_cases
5
5
5
5
5
5
5
5
5
5
influenza_a: run_time
3267
2597
2475
2410
2431
2513
2449
2441
2415
2476
influenza_a: total_time
12434
11883
12464
10821
11763
12120
10517
10433
10683
10635
influenza_b: run_time
2227
2223
2227
2228
2209
2264
2422
2390
2248
2237
influenza_b: total_time
11544
10622
10766
10896
10994
11757
11584
12020
11450
10943
influenza_c: run_time
764
825
867
775
786
768
777
770
776
767
influenza_c: total_time
5594
5199
5420
5282
4991
5000
5085
5078
5028
4956
influenza_a: num_cases
2054
2390
2077
2196
2017
2102
2158
2230
2277
1850
influenza_b: num_cases
0
0
0
0
0
0
0
0
0
0
influenza_c: num_cases
5
5
5
5
5
5
5
5
5
5
influenza_a: run_time
2555
2476
2418
2418
3139
2430
2447
2446
2437
2400
influenza_a: total_time
12795
10719
11403
10557
12840
11922
11445
11127
10995
12185
influenza_b: run_time
2233
2182
2247
2328
2201
2228
2374
2206
2339
2247
influenza_b: total_time
10523
10664
11265
11291
11024
10945
11894
12318
12525
11854
influenza_c: run_time
782
772
796
799
870
779
769
774
791
856
influenza_c: total_time
5499
5332
5548
5376
5691
5150
5459
5431
5418
5120
influenza_a: num_cases
2246
2235
2035
2004
2109
2168
2090
2045
2118
2029
influenza_b: num_cases
0
0
0
0
0
0
0
0
0
0
influenza_c: num_cases
5
5
5
5
5
5
5
5
5
5
influenza_a: run_time
2709
2427
2455
2394
2428
2443
3114
2242
2240
2214
influenza_a: total_time
10987
10813
11610
11007
10825
11526
13427
12685
11642
11013
influenza_b: run_time
2027
2006
2020
2031
2001
2024
2197
2021
2077
2045
influenza_b: total_time
10845
10069
10096
10293
12048
10464
11526
11295
12571
11043
influenza_c: run_time
773
722
714
714
722
711
714
723
722
724
influenza_c: total_time
5128
4971
5098
5151
5013
5176
5156
5079
5000
5062
influenza_a: num_cases
2181
2233
2404
2215
2031
2130
2110
2222
1972
2114
influenza_b: num_cases
0
0
0
0
0
0
0
0
0
0
influenza_c: num_cases
5
5
5
5
5
5
5
5
5
5
influenza_a: run_time
2197
2279
2219
2216
2199
2196
2219
2221
2227
2227
influenza_a: total_time
10957
12820
10277
11764
10760
11482
13042
11372
11516
11162
influenza_b: run_time
2023
2010
2013
2031
2053
2021
2100
2107
2036
2126
influenza_b: total_time
11080
10411
11238
11372
12370
10888
12000
11668
10673
11691
influenza_c: run_time
740
717
718
762
739
732
713
712
742
713
influenza_c: total_time
5273
5272
4973
5389
4990
5279
5008
5288
5130
5125
