measles_16: num_cases
590472
590930
589371
590454
590272
measles_16: run_time
8818
8634
8745
8930
8296
measles_16: total_time
18539
17851
19328
17792
16790
measles_60: num_cases
600000
600000
600000
600000
600000
measles_60: run_time
3201
3087
3057
3164
3352
measles_60: total_time
13083
11941
12220
13113
13503
measles_16: num_cases
589723
589230
590488
590396
589239
measles_16: run_time
8173
8403
8077
8440
8369
measles_16: total_time
17182
17674
17106
17953
17769
measles_60: num_cases
600000
600000
600000
600000
600000
measles_60: run_time
3107
3164
3135
3083
3627
measles_60: total_time
12833
12023
12432
11886
14436
measles_16: num_cases
590565
590252
590558
590256
589605
measles_16: run_time
8332
8311
8009
8659
8076
measles_16: total_time
16990
17558
17501
17708
16480
measles_60: num_cases
600000
600000
600000
600000
600000
measles_60: run_time
2998
3074
2990
3070
3122
measles_60: total_time
11599
11661
11230
12707
12052
measles_16: num_cases
591134
589390
589398
590340
590156
measles_16: run_time
8850
8710
8112
8075
8363
measles_16: total_time
17909
17662
16354
19118
17005
measles_60: num_cases
600000
600000
600000
600000
600000
measles_60: run_time
2980
3055
2817
3143
2984
measles_60: total_time
12894
12273
12126
11742
11822
measles_16: num_cases
589894
590154
590988
589638
589918
measles_16: run_time
9233
8141
8820
8273
8977
measles_16: total_time
18091
16930
17460
17519
18050
measles_60: num_cases
600000
600000
600000
600000
600000
measles_60: run_time
3060
2952
2991
3009
2993
measles_60: total_time
11873
11868
12007
12463
12097
measles_16: num_cases
589809
590256
589536
590139
589013
measles_16: run_time
8281
8325
8790
8361
8707
measles_16: total_time
16835
17538
17568
19276
17187
measles_60: num_cases
600000
600000
600000
600000
600000
measles_60: run_time
2954
2959
3077
3022
3104
measles_60: total_time
12686
12358
11558
12265
12721
measles_16: num_cases
589905
590445
590466
590398
590550
measles_16: run_time
9091
8367
8720
8682
8505
measles_16: total_time
18180
17195
18100
17566
16411
measles_60: num_cases
600000
600000
600000
600000
600000
measles_60: run_time
3132
3058
3138
3038
2937
measles_60: total_time
13347
11603
11510
12936
11790
measles_16: num_cases
590163
589662
589441
590764
590796
measles_16: run_time
8029
8735
8722
8297
8999
measles_16: total_time
16646
18298
17278
17075
17858
measles_60: num_cases
600000
600000
600000
600000
600000
measles_60: run_time
3082
2949
3084
3076
2839
measles_60: total_time
11857
12498
12540
12511
11730
measles_16: num_cases
589621
590295
590977
588765
590503
measles_16: run_time
8440
8332
8426
8578
8497
measles_16: total_time
17656
19025
17601
17621
17272
measles_60: num_cases
600000
600000
600000
600000
600000
measles_60: run_time
3085
3128
3296
3258
3174
measles_60: total_time
12158
11788
12394
12190
12185
measles_16: num_cases
590245
589467
590283
589928
586979
measles_16: run_time
8708
8406
9118
8318
8501
measles_16: total_time
18537
19018
17338
17022
18437
measles_60: num_cases
600000
600000
600000
600000
600000
measles_60: run_time
3151
3148
3094
3060
3091
measles_60: total_time
12761
11746
12313
12474
12688
