influenza_a: num_cases
2102
2054
2000
2058
2087
2281
2122
2067
2270
2150
influenza_b: num_cases
0
0
0
0
0
0
0
0
0
0
influenza_c: num_cases
5
5
5
5
5
5
5
5
5
5
influenza_a: run_time
1269
1248
1280
1259
1291
1340
1281
1270
1273
1329
influenza_a: total_time
9869
11035
10558
9751
10934
10454
10054
10075
10246
9984
influenza_b: run_time
1167
1188
1134
1136
1160
1171
1169
1229
1149
1205
influenza_b: total_time
10918
10755
9529
10353
10944
11182
9958
10655
10402
10470
influenza_c: run_time
808
831
805
822
817
824
823
873
800
930
influenza_c: total_time
5322
5752
5557
5699
5450
5487
5210
5082
5030
5437
influenza_a: num_cases
2185
2202
2081
1927
2078
2192
2166
2121
2042
2133
influenza_b: num_cases
0
0
0
0
0
0
0
0
0
0
influenza_c: num_cases
5
5
5
5
5
5
5
5
5
5
influenza_a: run_time
1277
1274
1300
1202
1022
1023
1041
1059
1058
1064
influenza_a: total_time
9898
10073
11296
13098
10188
9890
10049
11555
9982
9411
influenza_b: run_time
955
934
916
965
953
955
948
979
955
1154
influenza_b: total_time
10540
10334
9648
10110
10506
9834
9963
12123
10070
9661
influenza_c: run_time
738
694
693
662
686
678
695
701
665
684
influenza_c: total_time
5213
5055
4916
4957
5212
5086
4971
5009
5066
4923
influenza_a: num_cases
2228
2096
2200
2138
1939
2088
2070
2096
2072
1927
influenza_b: num_cases
0
0
0
0
0
0
0
0
0
0
influenza_c: num_cases
5
5
5
5
5
5
5
5
5
5
influenza_a: run_time
1066
1014
1018
1043
1020
1031
1014
1049
1114
1033
influenza_a: total_time
9866
10443
10286
10986
11656
9800
9944
10127
9792
12333
influenza_b: run_time
911
954
947
945
954
942
957
948
1058
929
influenza_b: total_time
10385
9852
9180
11257
9382
9397
10720
9910
10855
11685
influenza_c: run_time
653
696
682
666
679
646
700
646
698
717
influenza_c: total_time
5100
5579
5336
5187
5139
5221
5174
5273
5060
4986
influenza_a: num_cases
2056
2100
2194
2202
2082
2021
2283
2199
2150
1959
influenza_b: num_cases
0
0
0
0
0
0
0
0
0
0
influenza_c: num_cases
5
5
5
5
5
5
5
5
5
5
influenza_a: run_time
1012
1045
1043
1039
1072
1021
1041
1086
1041
1039
influenza_a: total_time
9351
11328
10901
11011
10839
10170
11641
9287
10681
9353
influenza_b: run_time
938
946
925
968
929
987
957
1018
898
969
influenza_b: total_time
9500
10334
11468
9543
10164
10213
10358
10210
10636
10194
influenza_c: run_time
686
723
696
688
675
677
662
689
745
695
influenza_c: total_time
5260
6144
5379
5339
5427
5162
5067
5173
5382
5287
influenza_a: num_cases
2344
2089
2253
2108
2432
2120
2076
2200
2342
1965
influenza_b: num_cases
0
0
0
0
0
0
0
0
0
0
influenza_c: num_cases
5
5
5
5
5
5
5
5
5
5
influenza_a: run_time
1016
1069
1078
1009
1032
1039
1068
1058
1069
1024
influenza_a: total_time
10611
9329
10252
9741
11690
9699
10040
10706
10713
10143
influenza_b: run_time
943
920
948
990
940
951
946
1015
977
968
influenza_b: total_time
10152
9947
9977
10217
9901
10422
9704
11406
10282
10728
influenza_c: run_time
671
685
699
652
708
704
870
675
670
700
influenza_c: total_time
5069
5163
5232
5458
5030
5446
5248
5102
4972
5118
