measles_16: num_cases
590241
589161
589253
589946
590759
measles_16: run_time
6956
7308
6978
6731
7342
measles_16: total_time
16133
18055
19514
17840
15381
measles_60: num_cases
600000
600000
600000
600000
600000
measles_60: run_time
2792
2853
2943
2831
2917
measles_60: total_time
11320
11865
12871
11925
12962
measles_16: num_cases
591035
590106
590056
590905
590622
measles_16: run_time
7387
7290
6900
7060
6730
measles_16: total_time
15886
16143
15374
16754
16291
measles_60: num_cases
600000
600000
600000
600000
600000
measles_60: run_time
2880
2822
2760
2826
3005
measles_60: total_time
10994
11708
11833
12173
11051
measles_16: num_cases
590225
591575
590745
590426
590979
measles_16: run_time
8287
7369
7065
6389
6991
measles_16: total_time
17282
18095
15568
15372
16193
measles_60: num_cases
600000
600000
600000
600000
600000
measles_60: run_time
2686
2637
2633
2691
2587
measles_60: total_time
11741
12162
11449
11814
11718
measles_16: num_cases
589491
590084
590750
590259
591189
measles_16: run_time
6923
6573
7305
7115
6307
measles_16: total_time
15451
14738
16826
15790
16637
measles_60: num_cases
600000
600000
600000
600000
600000
measles_60: run_time
2584
2628
2611
2551
2697
measles_60: total_time
11457
11361
11925
11284
11861
measles_16: num_cases
590394
589554
589033
590372
589623
measles_16: run_time
6546
6548
6893
7209
7186
measles_16: total_time
15784
15238
15796
16864
15212
measles_60: num_cases
600000
600000
600000
600000
600000
measles_60: run_time
2860
2788
2915
2892
2796
measles_60: total_time
11384
11570
11211
11132
11715
measles_16: num_cases
589801
589211
590144
589977
589860
measles_16: run_time
6959
6712
7093
6861
7076
measles_16: total_time
16199
16198
15252
15652
16880
measles_60: num_cases
600000
600000
600000
600000
600000
measles_60: run_time
2809
2851
2835
2905
2923
measles_60: total_time
12189
13549
11567
11701
14737
measles_16: num_cases
589983
590464
590205
589765
590371
measles_16: run_time
7016
6850
6646
6811
7281
measles_16: total_time
16126
16871
17187
15233
16328
measles_60: num_cases
600000
600000
600000
600000
600000
measles_60: run_time
2964
2679
2563
2690
2704
measles_60: total_time
11897
15053
11723
11837
11415
measles_16: num_cases
590796
589908
590763
591033
589396
measles_16: run_time
6920
6728
6632
6767
6572
measles_16: total_time
16177
16308
15650
15265
15147
measles_60: num_cases
600000
600000
600000
600000
600000
measles_60: run_time
2556
2532
2677
2701
2615
measles_60: total_time
13265
12373
11390
12075
12917
measles_16: num_cases
590619
589947
590262
589704
589914
measles_16: run_time
7131
6539
6374
6833
6904
measles_16: total_time
17944
14722
15210
14858
15437
measles_60: num_cases
600000
600000
600000
600000
600000
measles_60: run_time
2571
2753
2581
2652
2574
measles_60: total_time
11805
11853
12697
11657
11090
measles_16: num_cases
589707
591034
589768
589750
589574
measles_16: run_time
7215
6942
7088
7177
6725
measles_16: total_time
15748
16172
16306
16548
15478
measles_60: num_cases
600000
600000
600000
600000
600000
measles_60: run_time
2565
2615
2543
2634
2552
measles_60: total_time
11666
11524
11173
12327
11425
